best_fit: -2.2496808971407405

best_ARI: 0.21904000307036264

best_complex: 102.83703703703704

best_n_clusters: 50

best_df_distrib_1step:        P1  P2  P3
index            
0       0  15   9
1       1   0   0
2       1   0   0
3       0   0   2
4       4  31   8
5       0   0   2
6       1   0   0
7       0   0   2
8       0   0   7
9       1   0   0
10      1   0   0
11      0   0   5
12      1  11   4
13      1   0   0
14      0   8  13
15      0   0   1
16      1   0   0
17      1   0   0
18      1   0   0
19      3   0   0
20      1   0   0
21      1   0   0
22      6   0   0
23      1   0   0
24      0   0   5
25      1   0   0
26      1   0   0
27      0   1   6
28      3   0   0
29      1   0   0
30      1   0   0
31      0  14   1
32      0   0   1
33      1   0   0
34      0   2   9
35      0   0   3
36      0   0   4
37      0   0   2
38      0   0   4
39      2   0   0
40      1   0   0
41      1   0   0
42      1   0   0
43      1   0   5
44      0  11   0
45      6   7   2
46      1   0   0
47      1   0   0
48      4   0   0
49      0   0   5

best_ngram_1step: 2

best_min_percent_1step: 0.2

best_max_percent_1step: 0.8

best_df_distrib_2step:    P1   P2   P3
0  18  100  100
1  33    0    0
2   1    0    0

