best_fit: -0.07494191989247312

best_ARI: 0.5127046219299586

best_complex: 30.39426523297491

best_n_clusters: 47

best_df_distrib_1step:        P1  P2  P3
index            
0       4   0   0
1       0  15   0
2       0   6   0
3       5   0   0
4       1   0   9
5       0   2   0
6      10   0   0
7       0   1   0
8       3   0   0
9       0   0  11
10      0   0   2
11      0  13   0
12      1   0   0
13      0   0   1
14      2   0   0
15     10  11  18
16      0   6   0
17      7   0   0
18      3   0   0
19      3   0   0
20      0   4   0
21      2   0   0
22      3   0   0
23      0   2   0
24      7   0   0
25      0   1   0
26      0   3   0
27      0  14   0
28      0   3   0
29      1   0   0
30      0   0   3
31      1   0   0
32      5   0   0
33      0   0   2
34      0   0   1
35      1   0   0
36      1   0   0
37      0   3   0
38      0   0  12
39      1   0   0
40      0   0   5
41      0   2   0
42      0   1   0
43      1   0   0
44     10   0   0
45      2   0   0
46      1   0   0

best_ngram_1step: 2

best_min_percent_1step: 0.2

best_max_percent_1step: 0.8

best_df_distrib_2step:    P3  P1  P2
0  39  85  11
1   0   0  76
2  25   0   0

