time: 100472.8197

Percent dendrogram cut: 0.4

ARI: 0.3989

V-measure: 0.5886

traces: ['ABCDEFBGLLBGBLGLBGLBGBLGLBGJKL', 'ABCDEFBGNLJKF', 'ABCDEFBLGLBGJKL', 'ABCDEFBNGLBNLGJKF', 'ABCDEFBNLGJKF', 'ABCDEFGBLJL', 'ABCDEFGLBJK', 'ABCDEFGLBJL', 'ABCDEFLBGJLK', 'ABCDEFLBGLBGJKL', 'ABCDEFLGBJK', 'ABCDEFLGBJL', 'ABCDEFNBGLNBGLBNLGJKF', 'ABCDEFNBLGBNGLBGNLJKF', 'ABCDEFNBLGBNGLJKF', 'ABCDEFNBLGJKF', 'ABCDEFNBLGNLBGJKF', 'ABCDEFNJK', 'ABCDEFNJKL', 'ABCDEFNJLK', 'ABCDEFNLBGJKF', 'ABCDEFNLBGNLBGBNLGJKF', 'ABCEDFBGNLJKF', 'ABCEDFBGNLNBLGBNLGNBLGNBLGBNLGJKF', 'ABCEDFBNLGBNLGNBGLBNGLNBLGNBLGJKF', 'ABCEDFNBLGJKF', 'ABCEDFNBLGNLBGBGNLBNGLJKF', 'ABCEDFNJKL', 'ABCEDFNJLK', 'ABCEDFNLBGBNLGNBGLJKF', 'ABCEDFNLBGJKF', 'ABDCEFBGNLJKF', 'ABDCEFBLGBGLBLGJKL', 'ABDCEFBLGJLK', 'ABDCEFBLGLBGJKL', 'ABDCEFBNGLJKF', 'ABDCEFBNLGBNGLNLBGNBGLBNLGNLBGNBGLJKF', 'ABDCEFBNLGBNLGJKF', 'ABDCEFBNLGJKF', 'ABDCEFBNLGNLBGJKF', 'ABDCEFGBGBLGBJL', 'ABDCEFGBLGBGBJL', 'ABDCEFGBLGBJL', 'ABDCEFGLBJL', 'ABDCEFLBGBLGJLK', 'ABDCEFLBGJKL', 'ABDCEFLGBGBGBGBGBJK', 'ABDCEFLGBJL', 'ABDCEFNJK', 'ABDCEFNJKL', 'ABDCEFNJL', 'ABDCEFNJLK', 'ABDCEFNLBGNBLGBGNLJKF', 'ABDCEFNLBGNLBGJKF', 'ABDECFGLBGBJL', 'ABDECFGLBJL', 'ABDECFLGBJK', 'ABDECFLGBJL', 'ABDECFNJK', 'ABDECFNJL', 'ACBDEFBGLLBGBGLLBGBLGJKL', 'ACBDEFBGLLBGJKL', 'ACBDEFBGNLJKF', 'ACBDEFBGNLNBGLNLBGJKF', 'ACBDEFBNGLNLBGJKF', 'ACBDEFNBGLJKF', 'ACBDEFNBLGBGNLJKF', 'ACBDEFNJKL', 'ACBDEFNJLK', 'ACBEDFBGLLBGBGLLBGLBGJLK', 'ACBEDFBGNLJKF', 'ACBEDFBLGJKL', 'ACBEDFBNGLBNLGBGNLNBGLNBLGJKF', 'ACBEDFLBGJLK', 'ACBEDFNBGLNLBGJKF', 'ACBEDFNBLGJKF', 'ACBEDFNJKL', 'ACBEDFNLBGJKF', 'ACEBDFBGLBLGLBGBLGJLK', 'ACEBDFBGLJLK', 'ACEBDFBGLLBGJKL', 'ACEBDFBGLLBGLBGBGLLBGJKL', 'ACEBDFBGLLBGLBGJKL', 'ACEBDFBGNLBGNLJKF', 'ACEBDFBGNLBNGLJKF', 'ACEBDFBGNLJKF', 'ACEBDFBGNLNBLGBGNLNLBGJKF', 'ACEBDFLBGJLK', 'ACEBDFNBGLJKF', 'ACEBDFNBLGJKF', 'ACEBDFNBLGNLBGJKF', 'ACEBDFNJKL', 'ACEBDFNJLK', 'ACEBDFNLBGBGNLJKF', 'ACEBDFNLBGNBGLJKF', 'ADBCEFGBLJK', 'ADBCEFGLBGBGBJK', 'ADBCEFLGBGBJK', 'ADBCEFLGBGBJL', 'ADBCEFLGBJL', 'ADBCEFNJK', 'ADBECFGBLGBGBGBGBJL', 'ADBECFGLBJK', 'ADBECFLGBGBJK', 'ADBECFLGBJK', 'ADBECFNJK', 'ADEBCFLGBGBGBGBGBGBJL', 'ADEBCFLGBJK', 'ADEBCFNJK', 'ADEBCFNJL', 'PQRABBCGJZKV', 'PQRABBCGZ', 'PQRABBCGZJKV', 'PQRABBCGZV', 'PQRABBGCJZKV', 'PQRABBGCZVJK', 'PQRABBGZCV', 'PQRABCBGJK', 'PQRABCBGJZVK', 'PQRABCBGZ', 'PQRABCBGZJKV', 'PQRABCBGZVJK', 'PQRABGJKBC', 'PQRABGJKBZVC', 'PQRABGJZKBVC', 'PQRABGZBC', 'PQRABGZVBJKC', 'PQRABGZVJBCK', 'PQRBABCGJK', 'PQRBABCGJZKV', 'PQRBABCGZ', 'PQRBABCGZJKV', 'PQRBABCGZV', 'PQRBABGJKCZV', 'PQRBABGJKZVC', 'PQRBAGBJKC', 'PQRBAGJBCK', 'PQRBAGZBJVKC', 'PQRBGABCJZKV', 'PQRBGABJCZKV', 'PQRBGAJKBC', 'PQRBGAJZBCVK', 'PQRBGAJZBVCK', 'PQRBGAZBJCKV', 'PQRBGJABKZVC', 'PQRBGJKABC', 'PQRBGJZKVABC', 'PQRBGJZVKABC', 'PQRBGZVABC', 'PQRPQRABBCGJKZV', 'PQRPQRABBCGZJKV', 'PQRPQRABBGZCJVK', 'PQRPQRABBGZJVCK', 'PQRPQRABCBGZJVK', 'PQRPQRABGBJZVCK', 'PQRPQRBABCGJZVK', 'PQRPQRBABCGZVJK', 'PQRPQRBABGZVJCK', 'PQRPQRBAGBZVCJK', 'PQRPQRBAGJZKBVC', 'PQRPQRBGJKZABCV', 'PQRPQRBGJKZVABC', 'PQRPQRPQRABBGZJVKC', 'PQRPQRPQRABCBGZVJK', 'PQRPQRPQRBABCGZJVK', 'PQRPQRPQRPQRABBGCZJKV', 'PQRPQRPQRPQRABGJKZVBC', 'PQRPQRPQRPQRPQRBABCGJKZV', 'PQRPQRPQRPQRPQRBAGJKZVBC', 'PQRQRABBGCZ', 'PQRQRABGBCZV', 'PQRQRBABCGJK', 'PQRQRBABCGZ', 'PQRQRBABGCJK', 'PQRQRBABGZC', 'PQRQRBABGZCV', 'PQRQRBAGJBCK', 'PQRQRBAGJBKC', 'PQRQRBAGJKBC', 'PQRQRBAGZBC', 'PQRQRBAGZBVC', 'PQRQRBGAZVBC', 'PQRQRBGJAKBC', 'PQRQRBGZABC', 'PQRQRQRABCBGJK', 'PQRQRQRABCBGZV', 'PQRQRQRABGZBC', 'PQRQRQRBABGCJK', 'PQRQRQRBABGZC', 'PQRQRQRBAGJBCK', 'PQRQRQRBGAJBCK', 'PQRQRQRBGJABCK', 'PQRQRQRBGZVABC', 'PQRQRQRQRQRABCBGZV', 'PQRQRQRQRQRBAGJBKC', 'PQRQRQRQRQRQRBAGZBC', 'PQRQRQRQRQRQRQRBGJKABC', 'PQRQRQRQRQRQRQRQRQRBAGZBC']

y_true: [11, 13, 11, 13, 13, 12, 12, 12, 11, 11, 12, 12, 13, 13, 13, 13, 13, 12, 11, 11, 13, 13, 13, 13, 13, 13, 13, 11, 11, 13, 13, 13, 11, 11, 11, 13, 13, 13, 13, 13, 12, 12, 12, 12, 11, 11, 12, 12, 12, 11, 12, 11, 13, 13, 12, 12, 12, 12, 12, 12, 11, 11, 13, 13, 13, 13, 13, 11, 11, 11, 13, 11, 13, 11, 13, 13, 11, 13, 11, 11, 11, 11, 11, 13, 13, 13, 13, 11, 13, 13, 13, 11, 11, 13, 13, 12, 12, 12, 12, 12, 12, 12, 12, 12, 12, 12, 12, 12, 12, 12, 22, 21, 22, 21, 22, 22, 21, 21, 22, 21, 22, 22, 21, 22, 22, 21, 22, 22, 21, 22, 21, 22, 21, 22, 22, 21, 21, 22, 22, 22, 21, 22, 22, 22, 22, 21, 22, 22, 21, 22, 22, 22, 22, 22, 22, 22, 22, 22, 22, 22, 22, 22, 22, 22, 22, 22, 22, 22, 22, 21, 21, 21, 21, 21, 21, 21, 21, 21, 21, 21, 21, 21, 21, 21, 21, 21, 21, 21, 21, 21, 21, 21, 21, 21, 21, 21, 21, 21]

y_pred: [1, 1, 1, 1, 1, 8, 3, 1, 1, 1, 3, 1, 1, 1, 1, 1, 1, 1, 1, 1, 1, 1, 1, 1, 1, 1, 1, 1, 1, 1, 1, 1, 1, 4, 1, 1, 1, 1, 1, 1, 1, 1, 1, 1, 1, 1, 5, 1, 1, 1, 1, 1, 1, 1, 1, 1, 1, 1, 1, 1, 1, 1, 1, 1, 1, 1, 1, 1, 1, 1, 1, 6, 1, 1, 1, 1, 1, 1, 1, 1, 1, 1, 1, 1, 1, 1, 1, 1, 1, 1, 1, 1, 1, 1, 1, 1, 1, 1, 1, 1, 1, 1, 2, 1, 1, 1, 1, 1, 1, 1, 7, 7, 7, 7, 7, 7, 7, 7, 7, 7, 7, 7, 7, 7, 7, 7, 7, 7, 7, 7, 7, 7, 7, 7, 7, 7, 7, 7, 7, 7, 7, 7, 7, 7, 7, 7, 7, 7, 7, 7, 7, 7, 7, 7, 7, 7, 7, 7, 7, 7, 7, 7, 7, 7, 7, 7, 7, 7, 7, 7, 7, 7, 7, 7, 7, 7, 7, 7, 7, 7, 7, 7, 7, 7, 7, 7, 7, 7, 7, 7, 7, 7, 7, 7, 7, 7, 7, 7]

df_distrib:        P1V1  P1V2  P1V3  P2V1  P2V2
index                              
0         1     0     0     0     0
1         0     0     1     0     0
2         1     0     0     0     0
3         0     0     1     0     0
4         0     0     1     0     0
5         0     1     0     0     0
6         0     1     0     0     0
7         0     1     0     0     0
8         1     0     0     0     0
9         1     0     0     0     0
10        0     1     0     0     0
11        0     1     0     0     0
12        0     0     1     0     0
13        0     0     1     0     0
14        0     0     1     0     0
15        0     0     1     0     0
16        0     0     1     0     0
17        0     1     0     0     0
18        1     0     0     0     0
19        1     0     0     0     0
20        0     0     1     0     0
21        0     0     1     0     0
22        0     0     1     0     0
23        0     0     1     0     0
24        0     0     1     0     0
25        0     0     1     0     0
26        0     0     1     0     0
27        1     0     0     0     0
28        1     0     0     0     0
29        0     0     1     0     0
30        0     0     1     0     0
31        0     0     1     0     0
32        1     0     0     0     0
33        1     0     0     0     0
34        1     0     0     0     0
35        0     0     1     0     0
36        0     0     1     0     0
37        0     0     1     0     0
38        0     0     1     0     0
39        0     0     1     0     0
40        0     1     0     0     0
41        0     1     0     0     0
42        0     1     0     0     0
43        0     1     0     0     0
44        1     0     0     0     0
45        1     0     0     0     0
46        0     1     0     0     0
47        0     1     0     0     0
48        0     1     0     0     0
49        1     0     0     0     0
50        0     1     0     0     0
51        1     0     0     0     0
52        0     0     1     0     0
53        0     0     1     0     0
54        0     1     0     0     0
55        0     1     0     0     0
56        0     1     0     0     0
57        0     1     0     0     0
58        0     1     0     0     0
59        0     1     0     0     0
60        1     0     0     0     0
61        1     0     0     0     0
62        0     0     1     0     0
63        0     0     1     0     0
64        0     0     1     0     0
65        0     0     1     0     0
66        0     0     1     0     0
67        1     0     0     0     0
68        1     0     0     0     0
69        1     0     0     0     0
70        0     0     1     0     0
71        1     0     0     0     0
72        0     0     1     0     0
73        1     0     0     0     0
74        0     0     1     0     0
75        0     0     1     0     0
76        1     0     0     0     0
77        0     0     1     0     0
78        1     0     0     0     0
79        1     0     0     0     0
80        1     0     0     0     0
81        1     0     0     0     0
82        1     0     0     0     0
83        0     0     1     0     0
84        0     0     1     0     0
85        0     0     1     0     0
86        0     0     1     0     0
87        1     0     0     0     0
88        0     0     1     0     0
89        0     0     1     0     0
90        0     0     1     0     0
91        1     0     0     0     0
92        1     0     0     0     0
93        0     0     1     0     0
94        0     0     1     0     0
95        0     1     0     0     0
96        0     1     0     0     0
97        0     1     0     0     0
98        0     1     0     0     0
99        0     1     0     0     0
100       0     1     0     0     0
101       0     1     0     0     0
102       0     1     0     0     0
103       0     1     0     0     0
104       0     1     0     0     0
105       0     1     0     0     0
106       0     1     0     0     0
107       0     1     0     0     0
108       0     1     0     0     0
109       0     1     0     0     0
110       0     0     0     0     1
111       0     0     0     1     0
112       0     0     0     0     1
113       0     0     0     1     0
114       0     0     0     0     1
115       0     0     0     0     1
116       0     0     0     1     0
117       0     0     0     1     0
118       0     0     0     0     1
119       0     0     0     1     0
120       0     0     0     0     1
121       0     0     0     0     1
122       0     0     0     1     0
123       0     0     0     0     1
124       0     0     0     0     1
125       0     0     0     1     0
126       0     0     0     0     1
127       0     0     0     0     1
128       0     0     0     1     0
129       0     0     0     0     1
130       0     0     0     1     0
131       0     0     0     0     1
132       0     0     0     1     0
133       0     0     0     0     1
134       0     0     0     0     1
135       0     0     0     1     0
136       0     0     0     1     0
137       0     0     0     0     1
138       0     0     0     0     1
139       0     0     0     0     1
140       0     0     0     1     0
141       0     0     0     0     1
142       0     0     0     0     1
143       0     0     0     0     1
144       0     0     0     0     1
145       0     0     0     1     0
146       0     0     0     0     1
147       0     0     0     0     1
148       0     0     0     1     0
149       0     0     0     0     1
150       0     0     0     0     1
151       0     0     0     0     1
152       0     0     0     0     1
153       0     0     0     0     1
154       0     0     0     0     1
155       0     0     0     0     1
156       0     0     0     0     1
157       0     0     0     0     1
158       0     0     0     0     1
159       0     0     0     0     1
160       0     0     0     0     1
161       0     0     0     0     1
162       0     0     0     0     1
163       0     0     0     0     1
164       0     0     0     0     1
165       0     0     0     0     1
166       0     0     0     0     1
167       0     0     0     0     1
168       0     0     0     0     1
169       0     0     0     1     0
170       0     0     0     1     0
171       0     0     0     1     0
172       0     0     0     1     0
173       0     0     0     1     0
174       0     0     0     1     0
175       0     0     0     1     0
176       0     0     0     1     0
177       0     0     0     1     0
178       0     0     0     1     0
179       0     0     0     1     0
180       0     0     0     1     0
181       0     0     0     1     0
182       0     0     0     1     0
183       0     0     0     1     0
184       0     0     0     1     0
185       0     0     0     1     0
186       0     0     0     1     0
187       0     0     0     1     0
188       0     0     0     1     0
189       0     0     0     1     0
190       0     0     0     1     0
191       0     0     0     1     0
192       0     0     0     1     0
193       0     0     0     1     0
194       0     0     0     1     0
195       0     0     0     1     0
196       0     0     0     1     0
197       0     0     0     1     0

dend: [([43], [55], 1.0), ([43, 55], [7], 1.0), ([37], [16], 1.0), ([37, 16], [21], 1.0), ([37, 16, 21], [39], 1.0), ([37, 16, 21, 39], [53], 1.0), ([22], [4], 1.0), ([22, 4], [38], 1.0), ([22, 4, 38], [35], 1.0), ([22, 4, 38, 35], [1], 1.0), ([22, 4, 38, 35, 1], [31], 1.0), ([64], [74], 1.0), ([13], [14], 1.0), ([13, 14], [26], 1.0), ([13, 14, 26], [29], 1.0), ([70], [62], 1.0), ([3], [12], 1.0), ([194], [177], 1.0), ([189], [176], 1.0), ([187], [173], 1.0), ([188], [174], 1.0), ([179], [197], 1.0), ([179, 197], [195], 1.0), ([82], [80], 1.0), ([2], [9], 1.0), ([2, 9], [34], 1.0), ([185], [193], 1.0), ([60], [0], 0.95), ([82, 80], [81], 0.95), ([32], [60, 0], 0.9444), ([63], [64, 74], 0.9375), ([63, 64, 74], [72], 0.9375), ([24], [36], 0.9375), ([93], [94], 0.9375), ([63, 64, 74, 72], [3, 12], 0.9219), ([13, 14, 26, 29], [52], 0.9219), ([22, 4, 38, 35, 1, 31], [70, 62], 0.9091), ([73], [8], 0.9), ([73, 8], [45], 0.9), ([73, 8, 45], [43, 55, 7], 0.8944), ([49], [50], 0.8944), ([19], [17], 0.8944), ([51], [48], 0.8944), ([2, 9, 34], [44], 0.8889), ([82, 80, 81], [61], 0.8875), ([69], [82, 80, 81, 61], 0.9), ([73, 8, 45, 43, 55, 7], [2, 9, 34, 44], 0.8875), ([73, 8, 45, 43, 55, 7, 2, 9, 34, 44], [32, 60, 0], 0.8875), ([111], [113], 0.8819), ([98], [106], 0.875), ([83], [84], 0.875), ([23], [86], 0.875), ([171], [128], 0.875), ([132], [130], 0.8661), ([188, 174], [175], 0.8661), ([63, 64, 74, 72, 3, 12], [23, 86], 0.8646), ([112], [150], 0.8636), ([13, 14, 26, 29, 52], [93, 94], 0.8625), ([13, 14, 26, 29, 52, 93, 94], [66], 0.8929), ([22, 4, 38, 35, 1, 31, 70, 62], [85], 0.8586), ([110], [129], 0.8545), ([149], [167], 0.8545), ([49, 50], [51, 48], 0.8375), ([19, 17], [18], 0.8333), ([42], [54], 0.8333), ([151], [152], 0.8182), ([162], [151, 152], 0.8182), ([112, 150], [165], 0.8182), ([179, 197, 195], [180], 0.8167), ([63, 64, 74, 72, 3, 12, 23, 86], [24, 36], 0.8125), ([63, 64, 74, 72, 3, 12, 23, 86, 24, 36], [13, 14, 26, 29, 52, 93, 94, 66], 0.8125), ([63, 64, 74, 72, 3, 12, 23, 86, 24, 36, 13, 14, 26, 29, 52, 93, 94, 66], [37, 16, 21, 39, 53], 0.8299), ([115], [121], 0.8091), ([153], [162, 151, 152], 0.8091), ([153, 162, 151, 152], [112, 150, 165], 0.8295), ([153, 162, 151, 152, 112, 150, 165], [163], 0.8143), ([73, 8, 45, 43, 55, 7, 2, 9, 34, 44, 32, 60, 0], [69, 82, 80, 81, 61], 0.8067), ([110, 129], [114], 0.803), ([92], [28], 0.8), ([68], [67], 0.8), ([91], [27], 0.8), ([91, 27], [76], 0.9), ([92, 28], [91, 27, 76], 0.8), ([104], [103], 0.8), ([183], [192], 0.8), ([120], [131], 0.8), ([164], [156], 0.8), ([164, 156], [155], 0.8), ([133], [134], 0.8), ([49, 50, 51, 48], [68, 67], 0.7833), ([49, 50, 51, 48, 68, 67], [19, 17, 18], 0.8648), ([92, 28, 91, 27, 76], [49, 50, 51, 48, 68, 67, 19, 17, 18], 0.7864), ([108], [105], 0.7778), ([108, 105], [58], 0.7778), ([109], [59], 0.7778), ([108, 105, 58], [109, 59], 0.7778), ([138], [139], 0.7778), ([132, 130], [172], 0.7768), ([117], [118], 0.775), ([110, 129, 114], [120, 131], 0.7727), ([110, 129, 114, 120, 131], [138, 139], 0.7694), ([117, 118], [115, 121], 0.7691), ([117, 118, 115, 121], [110, 129, 114, 120, 131, 138, 139], 0.7727), ([87], [79], 0.7571), ([87, 79], [78], 0.8167), ([189, 176], [136], 0.75), ([187, 173], [171, 128], 0.75), ([116], [111, 113], 0.75), ([187, 173, 171, 128], [184], 0.75), ([185, 193], [170], 0.75), ([169], [185, 193, 170], 0.7778), ([63, 64, 74, 72, 3, 12, 23, 86, 24, 36, 13, 14, 26, 29, 52, 93, 94, 66, 37, 16, 21, 39, 53], [90], 0.7446), ([117, 118, 115, 121, 110, 129, 114, 120, 131, 138, 139], [153, 162, 151, 152, 112, 150, 165, 163], 0.7398), ([117, 118, 115, 121, 110, 129, 114, 120, 131, 138, 139, 153, 162, 151, 152, 112, 150, 165, 163], [164, 156, 155], 0.8217), ([117, 118, 115, 121, 110, 129, 114, 120, 131, 138, 139, 153, 162, 151, 152, 112, 150, 165, 163, 164, 156, 155], [149, 167], 0.8182), ([135], [137], 0.7321), ([123], [124], 0.7321), ([122], [123, 124], 0.7333), ([122, 123, 124], [133, 134], 0.7341), ([122, 123, 124, 133, 134], [117, 118, 115, 121, 110, 129, 114, 120, 131, 138, 139, 153, 162, 151, 152, 112, 150, 165, 163, 164, 156, 155, 149, 167], 0.8152), ([73, 8, 45, 43, 55, 7, 2, 9, 34, 44, 32, 60, 0, 69, 82, 80, 81, 61], [42, 54], 0.7175), ([122, 123, 124, 133, 134, 117, 118, 115, 121, 110, 129, 114, 120, 131, 138, 139, 153, 162, 151, 152, 112, 150, 165, 163, 164, 156, 155, 149, 167], [157], 0.7167), ([63, 64, 74, 72, 3, 12, 23, 86, 24, 36, 13, 14, 26, 29, 52, 93, 94, 66, 37, 16, 21, 39, 53, 90], [83, 84], 0.7161), ([101], [98, 106], 0.7153), ([141], [142], 0.7143), ([108, 105, 58, 109, 59], [100], 0.7094), ([122, 123, 124, 133, 134, 117, 118, 115, 121, 110, 129, 114, 120, 131, 138, 139, 153, 162, 151, 152, 112, 150, 165, 163, 164, 156, 155, 149, 167, 157], [154], 0.7054), ([169, 185, 193, 170], [132, 130, 172], 0.6996), ([169, 185, 193, 170, 132, 130, 172], [116, 111, 113], 0.7292), ([169, 185, 193, 170, 132, 130, 172, 116, 111, 113], [188, 174, 175], 0.7414), ([73, 8, 45, 43, 55, 7, 2, 9, 34, 44, 32, 60, 0, 69, 82, 80, 81, 61, 42, 54], [87, 79, 78], 0.6978), ([92, 28, 91, 27, 76, 49, 50, 51, 48, 68, 67, 19, 17, 18], [22, 4, 38, 35, 1, 31, 70, 62, 85], 0.696), ([92, 28, 91, 27, 76, 49, 50, 51, 48, 68, 67, 19, 17, 18, 22, 4, 38, 35, 1, 31, 70, 62, 85], [108, 105, 58, 109, 59, 100], 0.7308), ([187, 173, 171, 128, 184], [122, 123, 124, 133, 134, 117, 118, 115, 121, 110, 129, 114, 120, 131, 138, 139, 153, 162, 151, 152, 112, 150, 165, 163, 164, 156, 155, 149, 167, 157, 154], 0.6806), ([187, 173, 171, 128, 184, 122, 123, 124, 133, 134, 117, 118, 115, 121, 110, 129, 114, 120, 131, 138, 139, 153, 162, 151, 152, 112, 150, 165, 163, 164, 156, 155, 149, 167, 157, 154], [169, 185, 193, 170, 132, 130, 172, 116, 111, 113, 188, 174, 175], 0.6982), ([40], [41], 0.6667), ([194, 177], [189, 176, 136], 0.6667), ([186], [125], 0.6667), ([190], [191], 0.6667), ([30], [77], 0.6666), ([92, 28, 91, 27, 76, 49, 50, 51, 48, 68, 67, 19, 17, 18, 22, 4, 38, 35, 1, 31, 70, 62, 85, 108, 105, 58, 109, 59, 100], [30, 77], 0.7813), ([65], [88], 0.6666), ([92, 28, 91, 27, 76, 49, 50, 51, 48, 68, 67, 19, 17, 18, 22, 4, 38, 35, 1, 31, 70, 62, 85, 108, 105, 58, 109, 59, 100, 30, 77], [65, 88], 0.8), ([15], [25], 0.6666), ([89], [75], 0.6666), ([92, 28, 91, 27, 76, 49, 50, 51, 48, 68, 67, 19, 17, 18, 22, 4, 38, 35, 1, 31, 70, 62, 85, 108, 105, 58, 109, 59, 100, 30, 77, 65, 88], [89, 75], 0.8035), ([183, 192], [148], 0.65), ([187, 173, 171, 128, 184, 122, 123, 124, 133, 134, 117, 118, 115, 121, 110, 129, 114, 120, 131, 138, 139, 153, 162, 151, 152, 112, 150, 165, 163, 164, 156, 155, 149, 167, 157, 154, 169, 185, 193, 170, 132, 130, 172, 116, 111, 113, 188, 174, 175], [158], 0.6437), ([161], [160], 0.6333), ([194, 177, 189, 176, 136], [178], 0.6333), ([168], [166], 0.6333), ([161, 160], [168, 166], 0.7778), ([187, 173, 171, 128, 184, 122, 123, 124, 133, 134, 117, 118, 115, 121, 110, 129, 114, 120, 131, 138, 139, 153, 162, 151, 152, 112, 150, 165, 163, 164, 156, 155, 149, 167, 157, 154, 169, 185, 193, 170, 132, 130, 172, 116, 111, 113, 188, 174, 175, 158], [161, 160, 168, 166], 0.7392), ([92, 28, 91, 27, 76, 49, 50, 51, 48, 68, 67, 19, 17, 18, 22, 4, 38, 35, 1, 31, 70, 62, 85, 108, 105, 58, 109, 59, 100, 30, 77, 65, 88, 89, 75], [63, 64, 74, 72, 3, 12, 23, 86, 24, 36, 13, 14, 26, 29, 52, 93, 94, 66, 37, 16, 21, 39, 53, 90, 83, 84], 0.6225), ([73, 8, 45, 43, 55, 7, 2, 9, 34, 44, 32, 60, 0, 69, 82, 80, 81, 61, 42, 54, 87, 79, 78], [40, 41], 0.616), ([140], [145], 0.6), ([140, 145], [182], 0.6), ([140, 145, 182], [196], 0.8667), ([140, 145, 182, 196], [190, 191], 0.6333), ([194, 177, 189, 176, 136, 178], [140, 145, 182, 196, 190, 191], 0.6667), ([147], [146], 0.6), ([56], [107], 0.5833), ([104, 103], [56, 107], 0.7444), ([73, 8, 45, 43, 55, 7, 2, 9, 34, 44, 32, 60, 0, 69, 82, 80, 81, 61, 42, 54, 87, 79, 78, 40, 41], [104, 103, 56, 107], 0.6583), ([15, 25], [20], 0.5833), ([183, 192, 148], [181], 0.575), ([73, 8, 45, 43, 55, 7, 2, 9, 34, 44, 32, 60, 0, 69, 82, 80, 81, 61, 42, 54, 87, 79, 78, 40, 41, 104, 103, 56, 107], [101, 98, 106], 0.5635), ([135, 137], [126], 0.5625), ([187, 173, 171, 128, 184, 122, 123, 124, 133, 134, 117, 118, 115, 121, 110, 129, 114, 120, 131, 138, 139, 153, 162, 151, 152, 112, 150, 165, 163, 164, 156, 155, 149, 167, 157, 154, 169, 185, 193, 170, 132, 130, 172, 116, 111, 113, 188, 174, 175, 158, 161, 160, 168, 166], [135, 137, 126], 0.6739), ([186, 125], [179, 197, 195, 180], 0.5625), ([187, 173, 171, 128, 184, 122, 123, 124, 133, 134, 117, 118, 115, 121, 110, 129, 114, 120, 131, 138, 139, 153, 162, 151, 152, 112, 150, 165, 163, 164, 156, 155, 149, 167, 157, 154, 169, 185, 193, 170, 132, 130, 172, 116, 111, 113, 188, 174, 175, 158, 161, 160, 168, 166, 135, 137, 126], [186, 125, 179, 197, 195, 180], 0.6524), ([11], [99], 0.55), ([11, 99], [47], 0.75), ([73, 8, 45, 43, 55, 7, 2, 9, 34, 44, 32, 60, 0, 69, 82, 80, 81, 61, 42, 54, 87, 79, 78, 40, 41, 104, 103, 56, 107, 101, 98, 106], [92, 28, 91, 27, 76, 49, 50, 51, 48, 68, 67, 19, 17, 18, 22, 4, 38, 35, 1, 31, 70, 62, 85, 108, 105, 58, 109, 59, 100, 30, 77, 65, 88, 89, 75, 63, 64, 74, 72, 3, 12, 23, 86, 24, 36, 13, 14, 26, 29, 52, 93, 94, 66, 37, 16, 21, 39, 53, 90, 83, 84], 0.5159), ([73, 8, 45, 43, 55, 7, 2, 9, 34, 44, 32, 60, 0, 69, 82, 80, 81, 61, 42, 54, 87, 79, 78, 40, 41, 104, 103, 56, 107, 101, 98, 106, 92, 28, 91, 27, 76, 49, 50, 51, 48, 68, 67, 19, 17, 18, 22, 4, 38, 35, 1, 31, 70, 62, 85, 108, 105, 58, 109, 59, 100, 30, 77, 65, 88, 89, 75, 63, 64, 74, 72, 3, 12, 23, 86, 24, 36, 13, 14, 26, 29, 52, 93, 94, 66, 37, 16, 21, 39, 53, 90, 83, 84], [15, 25, 20], 0.5267), ([6], [10], 0.5), ([187, 173, 171, 128, 184, 122, 123, 124, 133, 134, 117, 118, 115, 121, 110, 129, 114, 120, 131, 138, 139, 153, 162, 151, 152, 112, 150, 165, 163, 164, 156, 155, 149, 167, 157, 154, 169, 185, 193, 170, 132, 130, 172, 116, 111, 113, 188, 174, 175, 158, 161, 160, 168, 166, 135, 137, 126, 186, 125, 179, 197, 195, 180], [127], 0.498), ([11, 99, 47], [57], 0.4875), ([95], [97], 0.4667), ([143], [141, 142], 0.4643), ([187, 173, 171, 128, 184, 122, 123, 124, 133, 134, 117, 118, 115, 121, 110, 129, 114, 120, 131, 138, 139, 153, 162, 151, 152, 112, 150, 165, 163, 164, 156, 155, 149, 167, 157, 154, 169, 185, 193, 170, 132, 130, 172, 116, 111, 113, 188, 174, 175, 158, 161, 160, 168, 166, 135, 137, 126, 186, 125, 179, 197, 195, 180, 127], [143, 141, 142], 0.661), ([194, 177, 189, 176, 136, 178, 140, 145, 182, 196, 190, 191], [187, 173, 171, 128, 184, 122, 123, 124, 133, 134, 117, 118, 115, 121, 110, 129, 114, 120, 131, 138, 139, 153, 162, 151, 152, 112, 150, 165, 163, 164, 156, 155, 149, 167, 157, 154, 169, 185, 193, 170, 132, 130, 172, 116, 111, 113, 188, 174, 175, 158, 161, 160, 168, 166, 135, 137, 126, 186, 125, 179, 197, 195, 180, 127, 143, 141, 142], 0.4705), ([194, 177, 189, 176, 136, 178, 140, 145, 182, 196, 190, 191, 187, 173, 171, 128, 184, 122, 123, 124, 133, 134, 117, 118, 115, 121, 110, 129, 114, 120, 131, 138, 139, 153, 162, 151, 152, 112, 150, 165, 163, 164, 156, 155, 149, 167, 157, 154, 169, 185, 193, 170, 132, 130, 172, 116, 111, 113, 188, 174, 175, 158, 161, 160, 168, 166, 135, 137, 126, 186, 125, 179, 197, 195, 180, 127, 143, 141, 142], [159], 0.4759), ([194, 177, 189, 176, 136, 178, 140, 145, 182, 196, 190, 191, 187, 173, 171, 128, 184, 122, 123, 124, 133, 134, 117, 118, 115, 121, 110, 129, 114, 120, 131, 138, 139, 153, 162, 151, 152, 112, 150, 165, 163, 164, 156, 155, 149, 167, 157, 154, 169, 185, 193, 170, 132, 130, 172, 116, 111, 113, 188, 174, 175, 158, 161, 160, 168, 166, 135, 137, 126, 186, 125, 179, 197, 195, 180, 127, 143, 141, 142, 159], [144], 0.4499), ([183, 192, 148, 181], [147, 146], 0.38), ([194, 177, 189, 176, 136, 178, 140, 145, 182, 196, 190, 191, 187, 173, 171, 128, 184, 122, 123, 124, 133, 134, 117, 118, 115, 121, 110, 129, 114, 120, 131, 138, 139, 153, 162, 151, 152, 112, 150, 165, 163, 164, 156, 155, 149, 167, 157, 154, 169, 185, 193, 170, 132, 130, 172, 116, 111, 113, 188, 174, 175, 158, 161, 160, 168, 166, 135, 137, 126, 186, 125, 179, 197, 195, 180, 127, 143, 141, 142, 159, 144], [183, 192, 148, 181, 147, 146], 0.3764), ([95, 97], [96], 0.3667), ([194, 177, 189, 176, 136, 178, 140, 145, 182, 196, 190, 191, 187, 173, 171, 128, 184, 122, 123, 124, 133, 134, 117, 118, 115, 121, 110, 129, 114, 120, 131, 138, 139, 153, 162, 151, 152, 112, 150, 165, 163, 164, 156, 155, 149, 167, 157, 154, 169, 185, 193, 170, 132, 130, 172, 116, 111, 113, 188, 174, 175, 158, 161, 160, 168, 166, 135, 137, 126, 186, 125, 179, 197, 195, 180, 127, 143, 141, 142, 159, 144, 183, 192, 148, 181, 147, 146], [119], 0.3449), ([73, 8, 45, 43, 55, 7, 2, 9, 34, 44, 32, 60, 0, 69, 82, 80, 81, 61, 42, 54, 87, 79, 78, 40, 41, 104, 103, 56, 107, 101, 98, 106, 92, 28, 91, 27, 76, 49, 50, 51, 48, 68, 67, 19, 17, 18, 22, 4, 38, 35, 1, 31, 70, 62, 85, 108, 105, 58, 109, 59, 100, 30, 77, 65, 88, 89, 75, 63, 64, 74, 72, 3, 12, 23, 86, 24, 36, 13, 14, 26, 29, 52, 93, 94, 66, 37, 16, 21, 39, 53, 90, 83, 84, 15, 25, 20], [11, 99, 47, 57], 0.3298), ([73, 8, 45, 43, 55, 7, 2, 9, 34, 44, 32, 60, 0, 69, 82, 80, 81, 61, 42, 54, 87, 79, 78, 40, 41, 104, 103, 56, 107, 101, 98, 106, 92, 28, 91, 27, 76, 49, 50, 51, 48, 68, 67, 19, 17, 18, 22, 4, 38, 35, 1, 31, 70, 62, 85, 108, 105, 58, 109, 59, 100, 30, 77, 65, 88, 89, 75, 63, 64, 74, 72, 3, 12, 23, 86, 24, 36, 13, 14, 26, 29, 52, 93, 94, 66, 37, 16, 21, 39, 53, 90, 83, 84, 15, 25, 20, 11, 99, 47, 57], [95, 97, 96], 0.3225), ([73, 8, 45, 43, 55, 7, 2, 9, 34, 44, 32, 60, 0, 69, 82, 80, 81, 61, 42, 54, 87, 79, 78, 40, 41, 104, 103, 56, 107, 101, 98, 106, 92, 28, 91, 27, 76, 49, 50, 51, 48, 68, 67, 19, 17, 18, 22, 4, 38, 35, 1, 31, 70, 62, 85, 108, 105, 58, 109, 59, 100, 30, 77, 65, 88, 89, 75, 63, 64, 74, 72, 3, 12, 23, 86, 24, 36, 13, 14, 26, 29, 52, 93, 94, 66, 37, 16, 21, 39, 53, 90, 83, 84, 15, 25, 20, 11, 99, 47, 57, 95, 97, 96], [102], 0.107), ([73, 8, 45, 43, 55, 7, 2, 9, 34, 44, 32, 60, 0, 69, 82, 80, 81, 61, 42, 54, 87, 79, 78, 40, 41, 104, 103, 56, 107, 101, 98, 106, 92, 28, 91, 27, 76, 49, 50, 51, 48, 68, 67, 19, 17, 18, 22, 4, 38, 35, 1, 31, 70, 62, 85, 108, 105, 58, 109, 59, 100, 30, 77, 65, 88, 89, 75, 63, 64, 74, 72, 3, 12, 23, 86, 24, 36, 13, 14, 26, 29, 52, 93, 94, 66, 37, 16, 21, 39, 53, 90, 83, 84, 15, 25, 20, 11, 99, 47, 57, 95, 97, 96, 102], [6, 10], 0.0726), ([73, 8, 45, 43, 55, 7, 2, 9, 34, 44, 32, 60, 0, 69, 82, 80, 81, 61, 42, 54, 87, 79, 78, 40, 41, 104, 103, 56, 107, 101, 98, 106, 92, 28, 91, 27, 76, 49, 50, 51, 48, 68, 67, 19, 17, 18, 22, 4, 38, 35, 1, 31, 70, 62, 85, 108, 105, 58, 109, 59, 100, 30, 77, 65, 88, 89, 75, 63, 64, 74, 72, 3, 12, 23, 86, 24, 36, 13, 14, 26, 29, 52, 93, 94, 66, 37, 16, 21, 39, 53, 90, 83, 84, 15, 25, 20, 11, 99, 47, 57, 95, 97, 96, 102, 6, 10], [33], 0.0531), ([73, 8, 45, 43, 55, 7, 2, 9, 34, 44, 32, 60, 0, 69, 82, 80, 81, 61, 42, 54, 87, 79, 78, 40, 41, 104, 103, 56, 107, 101, 98, 106, 92, 28, 91, 27, 76, 49, 50, 51, 48, 68, 67, 19, 17, 18, 22, 4, 38, 35, 1, 31, 70, 62, 85, 108, 105, 58, 109, 59, 100, 30, 77, 65, 88, 89, 75, 63, 64, 74, 72, 3, 12, 23, 86, 24, 36, 13, 14, 26, 29, 52, 93, 94, 66, 37, 16, 21, 39, 53, 90, 83, 84, 15, 25, 20, 11, 99, 47, 57, 95, 97, 96, 102, 6, 10, 33], [46], 0.0536), ([73, 8, 45, 43, 55, 7, 2, 9, 34, 44, 32, 60, 0, 69, 82, 80, 81, 61, 42, 54, 87, 79, 78, 40, 41, 104, 103, 56, 107, 101, 98, 106, 92, 28, 91, 27, 76, 49, 50, 51, 48, 68, 67, 19, 17, 18, 22, 4, 38, 35, 1, 31, 70, 62, 85, 108, 105, 58, 109, 59, 100, 30, 77, 65, 88, 89, 75, 63, 64, 74, 72, 3, 12, 23, 86, 24, 36, 13, 14, 26, 29, 52, 93, 94, 66, 37, 16, 21, 39, 53, 90, 83, 84, 15, 25, 20, 11, 99, 47, 57, 95, 97, 96, 102, 6, 10, 33, 46], [71], -0.0971), ([73, 8, 45, 43, 55, 7, 2, 9, 34, 44, 32, 60, 0, 69, 82, 80, 81, 61, 42, 54, 87, 79, 78, 40, 41, 104, 103, 56, 107, 101, 98, 106, 92, 28, 91, 27, 76, 49, 50, 51, 48, 68, 67, 19, 17, 18, 22, 4, 38, 35, 1, 31, 70, 62, 85, 108, 105, 58, 109, 59, 100, 30, 77, 65, 88, 89, 75, 63, 64, 74, 72, 3, 12, 23, 86, 24, 36, 13, 14, 26, 29, 52, 93, 94, 66, 37, 16, 21, 39, 53, 90, 83, 84, 15, 25, 20, 11, 99, 47, 57, 95, 97, 96, 102, 6, 10, 33, 46, 71], [194, 177, 189, 176, 136, 178, 140, 145, 182, 196, 190, 191, 187, 173, 171, 128, 184, 122, 123, 124, 133, 134, 117, 118, 115, 121, 110, 129, 114, 120, 131, 138, 139, 153, 162, 151, 152, 112, 150, 165, 163, 164, 156, 155, 149, 167, 157, 154, 169, 185, 193, 170, 132, 130, 172, 116, 111, 113, 188, 174, 175, 158, 161, 160, 168, 166, 135, 137, 126, 186, 125, 179, 197, 195, 180, 127, 143, 141, 142, 159, 144, 183, 192, 148, 181, 147, 146, 119], -0.3104), ([73, 8, 45, 43, 55, 7, 2, 9, 34, 44, 32, 60, 0, 69, 82, 80, 81, 61, 42, 54, 87, 79, 78, 40, 41, 104, 103, 56, 107, 101, 98, 106, 92, 28, 91, 27, 76, 49, 50, 51, 48, 68, 67, 19, 17, 18, 22, 4, 38, 35, 1, 31, 70, 62, 85, 108, 105, 58, 109, 59, 100, 30, 77, 65, 88, 89, 75, 63, 64, 74, 72, 3, 12, 23, 86, 24, 36, 13, 14, 26, 29, 52, 93, 94, 66, 37, 16, 21, 39, 53, 90, 83, 84, 15, 25, 20, 11, 99, 47, 57, 95, 97, 96, 102, 6, 10, 33, 46, 71, 194, 177, 189, 176, 136, 178, 140, 145, 182, 196, 190, 191, 187, 173, 171, 128, 184, 122, 123, 124, 133, 134, 117, 118, 115, 121, 110, 129, 114, 120, 131, 138, 139, 153, 162, 151, 152, 112, 150, 165, 163, 164, 156, 155, 149, 167, 157, 154, 169, 185, 193, 170, 132, 130, 172, 116, 111, 113, 188, 174, 175, 158, 161, 160, 168, 166, 135, 137, 126, 186, 125, 179, 197, 195, 180, 127, 143, 141, 142, 159, 144, 183, 192, 148, 181, 147, 146, 119], [5], -0.9288)]

