best_fit: 0.2853653720930232

best_ARI: 0.9760356740044774

best_complex: 17.6046511627907

best_n_clusters: 50

best_df_distrib_1step:        P1  P2  P3
index            
0       2   0   0
1       0   0   4
2       0   2   0
3       0   0   1
4       0   0   2
5       0   1   0
6       5   0   0
7       0   0   4
8       0   4   0
9       0   2   0
10      1   0   0
11      0   6   0
12      0   0   4
13      0   0   1
14      0   0   1
15      3   0   0
16      0   0   1
17      0   0   2
18      0   0   3
19      0   3   0
20      1   0   2
21      4   0   0
22      0   0   2
23      0   0   1
24      0   0   1
25      0   0   1
26      0   0   4
27      0   0   1
28      8   0   0
29      0   3   0
30      0   0   4
31      1   0   0
32      0   2   0
33      1   0   0
34      0   0   4
35      0   2   0
36      0   3   0
37      0   0   3
38      0   1   0
39      0   0   1
40      0   0   3
41      0   6   0
42      0   3   0
43      2   0   0
44      1   0   0
45      0   1   0
46      0   0   2
47      1   0   0
48      0   1   0
49      0   0   2

best_ngram_1step: 2

best_min_percent_1step: 0.2

best_max_percent_1step: 0.8

best_df_distrib_2step:    P1  P3  P2
0  29   0   0
1   1  54   0
2   0   0  40

