df_feat shape: (63870, 67)
save histogram of target
Total traces: 63870
Total MOV_TRANSITO_EM_JULGADO_848 : 4629
                                                    MEAN_TIME  STD_TIME  COUNT
CLASSE_PROCESSUAL                                                             
CLA_EXECUCAO_FISCAL_1116                              2236.32   1428.27  23770
CLA_EXECUCAO_DE_TITULO_EXTRAJUDICIAL_990              1802.44   1555.77   5147
CLA_EXECUCAO_DE_TERMO_DE_AJUSTE_DE_CONDUTA_991        1052.26    807.11   1530
CLA_OUTRO_CLASSE_PROCESSUAL                            978.92   1234.56   1851
CLA_EXECUCAO_DE_CERTIDAO_DE_CREDITO_JUDICIAL_993       526.46    498.25   6740
CLA_EXECUCAO_PROVISORIA_EM_AUTOS_SUPLEMENTARES_994     519.46    544.24  24832
            MEAN_TIME  STD_TIME  COUNT
NUMERO_TRT                            
TRT20         2588.72   1446.73   1881
TRT21         2251.21   1271.71   2697
TRT22         2154.30   1382.29   2803
TRT12         2125.67   1379.57   3064
TRT15         1998.84   1473.10  12533
TRT14         1730.90   1597.74   1227
TRT10         1329.49   1569.97   3015
TRT5          1271.34   1051.48    240
TRT3          1248.82   1396.99    940
TRT4          1085.58   1236.06   6217
TRT9          1016.58    804.76   5261
TRT8           847.36   1095.66   6673
TRT16          826.40    788.45   1138
TRT6           604.13    816.94   1089
TRT1           570.08    523.67   1289
TRT7           559.87    507.07   2386
TRT18          495.48    723.58   3107
TRT2           470.50    455.02   1557
TRT19          470.46    392.96    156
TRT24          415.61    412.90   1816
TRT11          409.41    379.07   1350
TRT13          315.56    296.11   1743
TRT17          311.12    323.58   1688
                  MEAN_TIME  STD_TIME  COUNT
PROCESSO_DIGITAL                            
DIG_2.0             2860.21   1108.01  15068
DIG_0.0             1315.53   1405.36   9858
DIG_1.0              673.73    808.41  38944
## Distribution "Assuntos"
                          count         mean          std
ASSU_DIREITO_DO_TRABALHO                                 
0.0                       59434  1294.579449  1356.217194
1.0                        4436  1208.724977  1164.679437
                                                    count         mean          std
ASSU_REMUNERACAO,_VERBAS_INDENIZATORIAS_E_BENEF...                                 
0.0                                                 57582  1343.659546  1377.217947
1.0                                                  3252   743.783825   815.613615
2.0                                                  3036   828.244401   851.696677
                                       count         mean          std
ASSU_RESCISAO_DO_CONTRATO_DE_TRABALHO                                 
0.0                                    45807   976.582968  1088.087169
1.0                                     7659  1536.007312  1570.552506
2.0                                     8598  2808.399512  1349.202171
3.0                                      260   703.869231   827.398298
4.0                                     1546   954.526520   940.315316
                             count         mean          std
ASSU__PARTES_E_PROCURADORES                                 
0.0                          60421  1321.678936  1364.481983
1.0                           3449   709.416063   691.616760
                                          count         mean          std
ASSU_LIQUIDACAO___CUMPRIMENTO___EXECUCAO                                 
0.0                                       43951  1471.757412  1445.516253
1.0                                       13133   738.787025   920.474265
2.0                                        6786  1166.554524  1005.279160
## Distribution "Movimentos"
                   count         mean          std
MOV_DEVOLUCAO_105                                 
0                  48851  1232.432110  1359.428032
1                   7420  1162.185984  1118.170852
2                   3124  1508.095070  1297.652945
3                   1609  1739.747048  1371.037388
4                    768  1891.010417  1374.320224
5                    497  2038.619718  1374.594054
6                   1601  2185.475328  1261.422126
                           count         mean          std
MOV_DECURSO_DE_PRAZO_1051                                 
0                          29614  1840.133822  1467.904387
1                           8079   951.452407  1308.616334
2                           5706   814.824395  1154.069538
3                           3795   822.808432  1056.174842
4                           3247   708.144133   867.231975
5                           2250   690.652889   789.673279
6                           1986   643.830312   677.094121
7                           1503   805.959415   785.528556
8                           1363   712.140866   679.585615
9                            963   716.445483   646.876813
10                           957   687.406479   565.559917
11                           633   795.131122   660.066951
12                           645   697.945736   561.573083
13                           440   843.111364   667.564426
14                           410   783.607317   575.849804
15                           295   760.769492   631.655110
16                           281   869.483986   653.166332
17                           219   843.767123   617.980208
18                           190   869.973684   599.659625
19                          1294   946.802937   637.547879
                                                    count         mean          std
MOV_DISPONIBILIZACAO_NO_DIARIO_DA_JUSTICA_ELETR...                                 
0                                                   32333  1776.604738  1468.149241
1                                                   10570   820.233775  1135.042324
2                                                    6376   793.388959  1033.131901
3                                                    3845   773.498049   946.514914
4                                                    2786   735.180187   866.396149
5                                                    1939   745.208871   809.307273
6                                                    1469   690.609939   689.981453
7                                                    1059   751.775260   749.260355
8                                                     847   786.197166   759.140138
9                                                     665   755.084211   640.217710
10                                                    463   760.347732   590.261053
11                                                   1518   879.097497   623.122107
                    count         mean          std
MOV_DESPACHO_11009                                 
0                   27921  1831.748182  1471.763076
1                    8603   641.223062  1050.353456
2                    6958   612.980598   887.400048
3                    5134   663.917608   851.504621
4                    3642   796.935475   904.170463
5                    2675   874.860187   902.796675
6                    1953  1021.651818   993.497770
7                    1475  1092.741695   976.243995
8                    1118  1234.506261  1060.884930
9                     868  1416.793779  1160.852914
10                    699  1481.004292  1163.501658
11                    539  1499.576994  1148.748967
12                    416  1806.437500  1199.453320
13                    304  1739.148026  1215.386842
14                    268  1757.589552  1187.306972
15                   1297  2247.611411  1290.443660
                           count         mean          std
MOV_ATO_ORDINATORIO_11383                                 
0                          56907  1351.124238  1388.783607
1                           2318   784.879206   800.701052
2                           1434   738.811018   598.396669
3                           1143   705.010499   653.385414
4                           2068   836.982592   718.138644
                               count         mean         std
MOV_LIQUIDACAO_INICIADA_11384                                
0                              46523  1587.712701  1427.95451
1                              17347   486.469188   546.38958
                             count         mean          std
MOV_EXECUCAO_INICIADA_11385                                 
0                            16884  1223.999704  1384.447503
1                            45050  1257.271698  1302.934674
2                             1936  2581.527893  1281.051035
                     count         mean          std
MOV_RECEBIMENTO_115                                 
0                    48696  1292.698230  1396.555261
1                     8019  1089.402918  1066.724513
2                     3310  1272.122961  1148.048103
3                     1520  1484.315789  1232.448444
4                      825  1606.082424  1248.425178
5                     1500  1884.586000  1243.881980
                              count         mean          std
MOV_PROTOCOLO_DE_PETICAO_118                                 
0                             50919   934.772089  1135.293436
1                              2192  2417.426551  1235.254316
2                              1812  2607.243929  1213.495676
3                              1570  2657.870701  1188.593229
4                              1276  2706.210815  1177.153930
5                              1184  2697.553209  1150.823229
6                               817  2830.554468  1187.487771
7                               673  2764.900446  1187.842041
8                               525  2812.902857  1154.023261
9                               430  2826.872093  1145.856455
10                              376  2903.300532  1178.701730
11                              276  2829.347826  1123.963682
12                              256  2765.761719  1167.028777
13                              221  2846.828054  1149.874296
14                             1343  2820.308265  1093.077251
                 count         mean          std
MOV_REMESSA_123                                 
0                49522  1088.893502  1254.532929
1                 7740  1451.180362  1284.286986
2                 2632  1957.597644  1311.895017
3                  947  2667.628300  1220.457960
4                  807  2724.633209  1194.133133
5                  513  3151.210526  1014.967408
6                 1709  3308.149795   928.603978
                     count         mean          std
MOV_RECEBIMENTO_132                                 
0                    40492   804.054431  1051.048744
1                     7814  1362.115434  1238.019431
2                     3979  1876.233224  1319.780979
3                     2293  2309.858264  1265.545927
4                     2008  2481.468127  1233.007765
5                     1626  2705.951415  1177.836429
6                     1329  2883.125658  1159.403629
7                     1000  2877.869000  1126.516324
8                      808  2933.030941  1109.701804
9                      598  3066.789298  1071.787989
10                     483  3171.329193  1029.145394
11                    1440  3133.868750  1012.394055
                     count         mean          std
MOV_APENSAMENTO_135                                 
0                    58999  1204.954898  1311.603852
1                     3596  2010.370133  1287.320683
2                     1275  3124.324706  1021.023778
                    count         mean          std
MOV_JULGAMENTO_193                                 
0                   20815  1075.112755  1262.499621
1                   32564  1369.398569  1383.006729
2                    7815  1509.525656  1384.439486
3                    2676  1321.161809  1124.335147
                     count         mean          std
MOV_DISTRIBUICAO_26                                 
0                    10466  1237.680489  1258.267234
1                    53404  1298.598888  1359.915880
               count         mean          std
MOV_DECISAO_3                                 
0              35496  1416.328854  1464.634194
1              16940  1041.729634  1136.508505
2               6063  1191.277420  1151.191480
3               2677  1298.686589  1189.114189
4               1310  1309.742748  1174.105666
5               1384  1421.942197  1210.091874
                       count         mean          std
MOV_REDISTRIBUICAO_36                                 
0                      59836  1326.934237  1360.110814
1                       4034   720.253347   902.263036
                                count         mean          std
MOV_ENTREGA_EM_CARGA_VISTA_493                                 
0                               50688   935.588226  1134.330439
1                                3104  2344.284472  1335.611445
2                                2429  2329.943598  1231.883313
3                                1791  2465.305416  1188.220019
4                                1403  2691.136137  1121.821988
5                                1152  2864.628472  1088.875628
6                                 822  3009.324818  1056.323009
7                                 612  3117.629085   993.275499
8                                 494  3161.220648   950.275396
9                                1375  3280.273455   904.698080
                  count         mean          std
MOV_CONCLUSAO_51                                 
0                 11277  2475.842689  1331.573988
1                  8087  1246.799926  1487.177795
2                  8303   833.629531  1219.111354
3                  7109   776.377550  1079.504382
4                  5644   859.472714  1074.741293
5                  4311   906.563210  1048.045846
6                  3437   949.857434  1051.644242
7                  2764  1052.371925  1084.270555
8                  2251  1116.558418  1084.762205
9                  1845  1141.117615  1083.362104
10                 1440  1207.565972  1118.243391
11                 1298  1232.063945  1105.232152
12                  997  1277.000000  1136.040182
13                  837  1332.982079  1119.104442
14                  716  1341.310056  1138.025602
15                  581  1469.647160  1173.805775
16                  451  1429.341463  1144.797922
17                  411  1372.647202  1119.881792
18                  296  1606.689189  1197.249681
19                  274  1529.500000  1201.475156
20                  236  1594.618644  1237.574126
21                 1305  1753.157854  1179.532699
                               count         mean          std
MOV_EXPEDICAO_DE_DOCUMENTO_60                                 
0                              23058  1266.243430  1453.077691
1                               9793  1043.205044  1234.733091
2                               7168  1056.060547  1206.568739
3                               4871  1217.745432  1242.277986
4                               4028  1206.804369  1222.369188
5                               2577  1437.022507  1291.254510
6                               2276  1362.913445  1226.755948
7                               1650  1616.723030  1262.338802
8                               1383  1477.002169  1222.207116
9                               1019  1669.699706  1316.809047
10                               890  1584.992135  1306.234237
11                               665  1729.258647  1330.940611
12                               609  1704.530378  1331.470429
13                               432  1769.113426  1253.417910
14                               422  1639.199052  1242.330017
15                               282  2033.570922  1380.514705
16                               313  1742.418530  1245.494511
17                               223  2025.443946  1377.359268
18                               212  1802.660377  1200.417399
19                               180  1975.033333  1185.171425
20                               162  1644.104938  1184.884881
21                               119  1999.495798  1307.633526
22                               140  2041.428571  1272.487041
23                              1398  2259.272532  1182.366611
                count         mean          std
MOV_JUNTADA_67                                 
0               36334  1145.181483  1319.580774
1                7260  1423.138292  1421.346214
2                4647  1450.134065  1401.081588
3                3342  1511.687612  1404.845278
4                2416  1541.518626  1400.420197
5                1844  1390.630152  1301.255145
6                1410  1471.504255  1314.099509
7                1187  1293.578770  1213.007880
8                 895  1380.053631  1226.289718
9                 710  1373.778873  1198.075278
10                594  1473.427609  1197.163982
11                516  1471.715116  1188.933249
12                398  1637.741206  1269.105389
13                298  1631.583893  1201.079784
14                307  1605.550489  1205.914108
15                234  1639.846154  1201.671280
16                190  1499.931579   973.066821
17               1288  1963.018634  1093.639637
                             count         mean          std
MOV_TRANSITO_EM_JULGADO_848                                 
0                            59241  1256.073969  1336.624820
1                             4629  1705.089868  1368.020737
                         count         mean          std
MOV_DESARQUIVAMENTO_893                                 
0                        56790  1101.781969  1228.707647
1                         5395  2631.307322  1318.230300
2                         1685  3286.550742  1039.423603
                   count         mean          std
MOV_PUBLICACAO_92                                 
0                  26816  1838.436269  1526.894412
1                  11625   924.846968  1189.986259
2                   7556   843.277925  1037.028751
3                   4464   882.318324   999.283582
4                   3592   849.071548   931.636296
5                   2331   881.728014   887.026168
6                   1935   823.679587   795.094966
7                   1270   895.570079   844.397091
8                   1109   888.396754   795.369868
9                    805   934.401242   836.474501
10                   580   915.012069   744.553816
11                   378   983.097884   807.885992
12                  1409  1040.808375   772.580348
                   count         mean          std
MOV_AUDIENCIA_970                                 
0                  58812  1299.363191  1360.458311
1                    749  2154.053405  1288.151604
2                   2775   897.705225   940.893628
3                    243  1328.851852  1131.791425
4                   1291  1129.637490  1071.500881
                     count         mean         std
MOV_RECEBIMENTO_981                                
0                    54903  1047.042803  1212.25939
1                     8967  2767.720308  1150.06955
                 count         mean          std
MOV_REMESSA_982                                 
0                59228  1204.181198  1328.337996
1                 4642  2365.940327  1042.944014

## Distribution "Clustering 
"
          count         mean          std
CLUS_KME                                 
0.0000     4082   222.116365   253.392081
0.0263     3382   315.464518   479.415240
0.0526      942   316.605096   271.198915
0.0789     1644   634.807178   889.114857
0.1053     3902   498.218606   674.472842
0.1316     9332   852.591299  1178.599106
0.1579      717   415.645746   334.159899
0.1842     1556   432.773779   351.464109
0.2105     1109   571.731289   595.595873
0.2368      909   483.755776   351.737246
0.2632     1830   504.772678   390.407422
0.2895     1335   857.505618  1002.874767
0.3158     1082   895.426987   863.498258
0.3421      859   651.036088   388.256121
0.3684      865   678.944509   380.048205
0.3947     1012   925.628458   828.054298
0.4211      930  1622.149462  1629.416288
0.4474      766   789.553525   432.892544
0.4737      558   723.670251   395.476327
0.5000      891   957.637486   799.204711
0.5263     1512  1534.656085  1302.259320
0.5526      645  1390.159690  1054.771900
0.5789      549  1192.967213   583.590465
0.6053      546  1192.304029   518.055361
0.6316     1017  1903.853491  1498.454149
0.6579      555  1464.160360   994.641258
0.6842      804  1761.907960  1389.994753
0.7105     9309  2006.592437  1318.592898
0.7368     1253  2026.034318   896.145776
0.7632     1148  2137.413763   967.181480
0.7895     2517  2253.681367  1333.152015
0.8158     1157  2548.535869  1323.064669
0.8421      920  2658.279348  1197.320865
0.8684      639  3556.205008   576.072120
0.8947      601  3477.447587   825.009627
0.9211      837  3586.915173   672.669314
0.9474      764  3644.163613   582.611818
0.9737      693  3644.365079   474.619812
1.0000      701  3495.818830  1147.925726
          count         mean          std
CLUS_AGG                                 
0.0000     6068   215.829763   291.467165
0.0476     3959   364.850467   720.240685
0.0952     1040   500.697115   890.804576
0.1429     1181   399.043184   504.293232
0.1905     8664   404.300439   365.060385
0.2381     1041   978.678194  1209.609572
0.2857     4210   686.046793   657.495834
0.3333     6945   601.664363   405.998678
0.3810     2041   774.688878   613.290794
0.4286     2513  1004.385197   844.771616
0.4762      959  1249.934307   628.468207
0.5238      814  2021.594595  1473.104099
0.5714    10076  1943.287416  1379.112822
0.6190      843  2009.940688  1009.312716
0.6667     3087  2492.300615  1387.531592
0.7143      970  2549.928866  1362.766725
0.7619     1118  2932.324687   860.178872
0.8095     1238  2706.841680  1341.180243
0.8571      843  3110.495848   816.344106
0.9048     3911  3024.658911   979.228843
0.9524     1018  3121.114931  1002.123646
1.0000     1331  3245.335838   864.999533
          count         mean          std
CLUS_ACT                                 
0.0000     3672   324.278050   563.628343
0.0833     8932   530.962830   599.802493
0.1667     5656   877.539250  1114.775275
0.2500     6448  1095.451148  1382.726386
0.3333     4112   866.557636   957.435637
0.4167     6928   938.165271  1012.005836
0.5000     6510  1118.751920  1221.105490
0.5833     3737  1177.430024   969.399333
0.6667     1545  2193.205825  1361.225639
0.7500     1720  2122.419186  1472.260879
0.8333     3943  2409.675628  1397.339063
0.9167     4374  2359.388432  1437.839766
1.0000     6293  2500.777689  1321.808253
## Distribution of position of key movement
Key mov distribution
                              count         mean          std
CASE:LAWSUIT:PERCENT_KEY_MOV                                 
0.6                            1948   994.813142  1285.845472
0.7                            2022   925.321464  1170.005813
0.8                            4824  1360.541045  1395.162262
0.9                            9810  1545.128644  1414.040297
1.0                           45266  1254.232338  1322.904803