best_fit: 0.5265712608267716

best_ARI: 0.899024024024024

best_complex: 21.562992125984252

best_n_clusters: 48

best_df_distrib_1step:        P1  P2  P3
index            
0       9   0   0
1       0   2   0
2       0   1  14
3       0   6   0
4       0   1   0
5       0   1   0
6       4   0   0
7       0   5   0
8       0   2   0
9       0   2   0
10      0   2   0
11      5   0   0
12      3   0   0
13      0   0   1
14      0   3   0
15      0   1   0
16      0   1   0
17      0   1   0
18      0   1   0
19      0   1   0
20      0   1   0
21      0   1   0
22      0   1   0
23      0   1   0
24      0   1   0
25      1   0   0
26      0   2   0
27      0   2   0
28      0   0   2
29      0   2   0
30      0   0   2
31      0   1   0
32      0   1   0
33      0   2   0
34      2   0   0
35      0   1   0
36      0   1   0
37      0   1   0
38      1   0   0
39      0   2   0
40      0   2   0
41      0   2   0
42      0   2   0
43      0   1   0
44      0   1   0
45      0   1   0
46      0   1   0
47      0   1   0

best_ngram_1step: 2

best_min_percent_1step: 0.2

best_max_percent_1step: 0.8

best_df_distrib_2step:    P1  P3  P2
0  25   5   0
1   0   0  60
2   0  14   1

