Adjusted Rand Score (ARI): 0.5454545454545454

df_distrib: 

       P1V1  P1V2
index            
0         0     1
1         0     1
2         0     1
3         0     1
4         1     0
5         0     1
6         0     1
7         1     0
8         0     1
9         0     1
10        0     1
11        0     1
12        1     0
13        0     1
14        0     1
15        1     0

dict_var: 

{0: ['ABCDE'], 1: ['ABCDEF'], 2: ['ABCED'], 3: ['ABCEDF'], 4: ['ABD'], 5: ['ABDCE'], 6: ['ABDCEF'], 7: ['ABDF'], 8: ['ACBDE'], 9: ['ACBDEF'], 10: ['ACBED'], 11: ['ACBEDF'], 12: ['ACE'], 13: ['ACEBD'], 14: ['ACEBDF'], 15: ['ACEF']}

dend: 

[([5], [6], 0.8179), ([2], [3], 0.817), ([13], [14], 0.8164), ([0], [1], 0.8153), ([8], [9], 0.8137), ([10], [11], 0.8121), ([12], [15], 0.708), ([4], [7], 0.7015), ([8, 9], [10, 11], 0.6019), ([8, 9, 10, 11], [13, 14], 0.5933), ([0, 1], [2, 3], 0.5862), ([0, 1, 2, 3], [8, 9, 10, 11, 13, 14], 0.591), ([4, 7], [5, 6], 0.519), ([0, 1, 2, 3, 8, 9, 10, 11, 13, 14], [4, 7, 5, 6], 0.5095), ([0, 1, 2, 3, 8, 9, 10, 11, 13, 14, 4, 7, 5, 6], [12, 15], 0.3063)]

