ARI:

{'high_complexity': [0.2086387404874796, 0.2602225340538176, 0.6301075487064471, 0.2998148469307513, 0.46309067342210286, 0.09673129873948295, 0.3289274917062897, 0.05967556659434968, 0.07966676356784974, 0.22178672444348763]}

Fitness:

{'high_complexity': [-0.0953158022, -1.2104358240666666, -0.28266610140000004, -0.39885315815, 0.017168564541832684, 0.4770661024137931, -0.15656429938666666, -0.25794514960000003, -0.5363055054092527, -0.6237222279]}

Complexity:

{'high_complexity': [36.44, 76.42666666666666, 41.39333333333333, 48.1, 31.95219123505976, 56.94137931034483, 48.2, 43.42666666666667, 31.00355871886121, 44.85333333333333]}

