ARI:

{'medium_complexity': [0.46271820614400233, 0.7721957023890007, 0.5792665726375177, 0.5458032191456766, 1.0, 0.3242537734023519, 0.7937920846890817, 0.15302232425337425, 0.04335383839611652, 0.3410147386849002]}

Fitness:

{'medium_complexity': [0.48576183248, 0.5779726212, 0.4066086255666666, 0.3435208142, -0.04820586000000001, -0.3121692836666667, 0.21063545782258067, -0.2462604852333333, -0.2691130435933334, 0.25979285414]}

Complexity:

{'medium_complexity': [23.5, 24.81, 33.88, 16.32, 19.666666666666668, 29.153333333333332, 19.741935483870968, 34.42333333333333, 15.723333333333333, 27.076666666666668]}

