ARI:

{'low_complexity': [0.29114611624117326, 1.0, 0.3687163899929857, 0.338206261163862, 0.2783018867924528, 0.18702716110628798, 0.3102050592331927, 0.3697868396663577, 0.5497526113249038, 1.0]}

Fitness:

{'low_complexity': [0.5765820460000001, 0.7892873633333333, 0.23739178400000005, 0.760839695, 0.6777974557364341, 0.06710463233333336, 0.6520316856666667, -0.901758312, 0.48897136422680415, 0.4064501133333333]}

Complexity:

{'low_complexity': [12.386666666666667, 12.666666666666666, 15.646666666666667, 18.35, 14.763565891472869, 14.09, 13.136666666666667, 13.313333333333333, 18.567010309278352, 13.333333333333334]}

