Adjusted Rand Score (ARI): 0.973234495246718

df_distrib: 

       P1V2  P1V4  P1V5  P1V6  P1V7  P1V8
index                                    
0         2     0     0     0     0     0
1         1     0     0     0     0     0
2         1     0     0     0     0     0
3         0     0     3     0     0     0
4         0     0     5     0     0     0
5         2     0     0     0     0     0
6         2     0     0     0     0     0
7         1     0     0     0     0     0
8         1     0     0     0     0     0
9         1     0     0     0     0     0
10        1     0     0     0     0     0
11        0     0     0     0     0     2
12        0     0     0     0     0     2
13        0     0     0     0     0     2
14        0     0     0     0     0     2
15        0     0     0     0     0     2
16        0     0     0     0     0     2
17        0     4     0     0     0     0
18        0     0     0     1     0     0
19        0     0     0     1     0     0
20        0     0     0     0     1     0
21        0     0     0     0     1     0
22        0     0     0     0     2     0
23        0     0     0     0     1     0
24        0     0     0     0     1     0

dict_var: 

{
  0: ['ABCDE', 'ABCDEF'], 
  1: ['ABCED'], 
  2: ['ABCEDF'], 
  3: ['ABD', 'ABDBD', 'ABDBDBD'], 
  4: ['ABDBDBDBDBDF', 'ABDBDBDBDF', 'ABDBDBDF', 'ABDBDF', 'ABDF'], 
  5: ['ABDCE', 'ABDCEF'], 
  6: ['ACBDE', 'ACBDEF'], 
  7: ['ACBED'], 
  8: ['ACBEDF'], 
  9: ['ACEBD'], 
 10: ['ACEBDF'], 
 11: ['ADCEB', 'ADCEBF'], 
 12: ['ADEBC', 'ADEBCF'], 
 13: ['ADECB', 'ADECBF'], 
 14: ['AEBDC', 'AEBDCF'], 
 15: ['AEDBC', 'AEDBCF'], 
 16: ['AEDCB', 'AEDCBF'], 
 17: ['AZB', 'AZBF', 'AZC', 'AZCF'], 
 18: ['AZBEF'], 
 19: ['AZCDF'], 
 20: ['CABE'], 
 21: ['CABED'], 
 22: ['CAEB', 'CAEBD'], 
 23: ['CBAE'], 
 24: ['CBAED']
 }

dend: 

[([8], [7], 0.8167), ([1], [2], 0.8167), ([9], [10], 0.8167), ([23], [24], 0.775), ([20], [21], 0.775), ([3], [4], 0.7083), ([17], [18], 0.6234), ([11], [13], 0.5976), ([11, 13], [12], 0.5877), ([8, 7], [6], 0.5875), ([8, 7, 6], [9, 10], 0.5868), ([14], [15], 0.5775), ([5], [0], 0.5772), ([17, 18], [19], 0.5753), ([5, 0], [1, 2], 0.5742), ([5, 0, 1, 2], [8, 7, 6, 9, 10], 0.5813), ([14, 15], [16], 0.5736), ([14, 15, 16], [11, 13, 12], 0.5842), ([23, 24], [20, 21], 0.4939), ([23, 24, 20, 21], [22], 0.4913), ([5, 0, 1, 2, 8, 7, 6, 9, 10], [14, 15, 16, 11, 13, 12], 0.4252), ([5, 0, 1, 2, 8, 7, 6, 9, 10, 14, 15, 16, 11, 13, 12], [23, 24, 20, 21, 22], 0.3322), ([5, 0, 1, 2, 8, 7, 6, 9, 10, 14, 15, 16, 11, 13, 12, 23, 24, 20, 21, 22], [3, 4], 0.2587), ([5, 0, 1, 2, 8, 7, 6, 9, 10, 14, 15, 16, 11, 13, 12, 23, 24, 20, 21, 22, 3, 4], [17, 18, 19], 0.2591)]

