Adjusted Rand Score (ARI): 0.973234495246718

df_distrib: 

       P1V2  P1V4  P1V5  P1V6  P1V7  P1V8
index                                    
0         2     0     0     0     0     0
1         2     0     0     0     0     0
2         0     0     2     0     0     0
3         0     0     2     0     0     0
4         0     0     2     0     0     0
5         0     0     1     0     0     0
6         0     0     1     0     0     0
7         2     0     0     0     0     0
8         2     0     0     0     0     0
9         2     0     0     0     0     0
10        2     0     0     0     0     0
11        0     0     0     0     0     2
12        0     0     0     0     0     2
13        0     0     0     0     0     2
14        0     0     0     0     0     2
15        0     0     0     0     0     2
16        0     0     0     0     0     2
17        0     4     0     2     0     0
18        0     0     0     0     2     0
19        0     0     0     0     2     0
20        0     0     0     0     2     0

dict_var: 

{0: ['ABCDE', 'ABCDEF'], 1: ['ABCED', 'ABCEDF'], 2: ['ABD', 'ABDF'], 3: ['ABDBD', 'ABDBDF'], 4: ['ABDBDBD', 'ABDBDBDF'], 5: ['ABDBDBDBDBDF'], 6: ['ABDBDBDBDF'], 7: ['ABDCE', 'ABDCEF'], 8: ['ACBDE', 'ACBDEF'], 9: ['ACBED', 'ACBEDF'], 10: ['ACEBD', 'ACEBDF'], 11: ['ADCEB', 'ADCEBF'], 12: ['ADEBC', 'ADEBCF'], 13: ['ADECB', 'ADECBF'], 14: ['AEBDC', 'AEBDCF'], 15: ['AEDBC', 'AEDBCF'], 16: ['AEDCB', 'AEDCBF'], 17: ['AZB', 'AZBEF', 'AZBF', 'AZC', 'AZCDF', 'AZCF'], 18: ['CABE', 'CABED'], 19: ['CAEB', 'CAEBD'], 20: ['CBAE', 'CBAED']}

dend: 

[([6], [5], 0.9999), ([3], [6, 5], 0.9821), ([3, 6, 5], [4], 0.9611), ([11], [13], 0.5976), ([11, 13], [12], 0.5877), ([9], [8], 0.5875), ([9, 8], [10], 0.5868), ([14], [15], 0.5775), ([7], [0], 0.5772), ([7, 0], [1], 0.5742), ([7, 0, 1], [9, 8, 10], 0.5813), ([14, 15], [16], 0.5736), ([14, 15, 16], [11, 13, 12], 0.5842), ([20], [18], 0.4939), ([20, 18], [19], 0.4913), ([2], [3, 6, 5, 4], 0.4876), ([7, 0, 1, 9, 8, 10], [14, 15, 16, 11, 13, 12], 0.4252), ([7, 0, 1, 9, 8, 10, 14, 15, 16, 11, 13, 12], [20, 18, 19], 0.3322), ([7, 0, 1, 9, 8, 10, 14, 15, 16, 11, 13, 12, 20, 18, 19], [2, 3, 6, 5, 4], 0.2587), ([7, 0, 1, 9, 8, 10, 14, 15, 16, 11, 13, 12, 20, 18, 19, 2, 3, 6, 5, 4], [17], 0.2591)]

