df_feat shape: (65133, 63)
save histogram of target
Total traces: 65133
Total MOV_TRANSITO_EM_JULGADO_848 : 4659
                                                    MEAN_TIME  STD_TIME  COUNT
CLASSE_PROCESSUAL                                                             
CLA_EXECUCAO_FISCAL_1116                              2233.84   1430.05  23883
CLA_EXECUCAO_DE_TITULO_EXTRAJUDICIAL_990              1799.51   1556.71   5171
CLA_EXECUCAO_DE_TERMO_DE_CONCILIACAO_DE_CCP_992       1091.05   1355.37   1009
CLA_EXECUCAO_DE_TERMO_DE_AJUSTE_DE_CONDUTA_991        1052.26    807.11   1530
CLAS_OUTRO_CLASSE_PROCESSUAL                           840.57   1056.34    846
CLA_EXECUCAO_DE_CERTIDAO_DE_CREDITO_JUDICIAL_993       525.84    498.27   6748
CLA_EXECUCAO_PROVISORIA_EM_AUTOS_SUPLEMENTARES_994     497.20    542.71  25946
            MEAN_TIME  STD_TIME  COUNT
NUMERO_TRT                            
TRT20         2589.77   1446.32   1883
TRT21         2261.68   1270.05   2728
TRT22         2159.46   1384.96   2816
TRT12         2126.22   1380.28   3067
TRT15         1998.04   1473.42  12554
TRT14         1729.49   1597.86   1228
TRT10         1328.17   1569.75   3018
TRT5          1271.34   1051.48    240
TRT3          1247.49   1396.84    941
TRT4          1083.14   1235.74   6231
TRT8           848.74   1097.60   6683
TRT9           847.53    826.49   6311
TRT16          826.40    788.45   1138
TRT6           603.57    816.77   1090
TRT1           569.63    523.71   1290
TRT7           557.21    507.16   2400
TRT18          496.77    726.35   3127
TRT19          467.46    393.49    157
TRT2           461.60    455.23   1587
TRT24          415.15    412.90   1818
TRT11          409.10    379.09   1351
TRT13          310.46    295.85   1775
TRT17          308.93    323.48   1700
                  MEAN_TIME  STD_TIME  COUNT
PROCESSO_DIGITAL                            
2.0                 2861.37   1107.04  15121
0.0                 1286.26   1403.41  10089
1.0                  658.34    806.60  39923
## Distribution "Assuntos"
                          count         mean          std
ASSU_DIREITO_DO_TRABALHO                                 
0.0                       60358  1278.441681  1356.259253
1.0                        3903   967.941071  1057.538987
2.0                         872  1817.155963  1354.076827
                                                    count         mean          std
ASSU_REMUNERACAO,_VERBAS_INDENIZATORIAS_E_BENEF...                                 
0.0                                                 58844  1318.626912  1377.207442
1.0                                                  3253   743.555180   815.592468
2.0                                                  2020   821.994554   847.367563
3.0                                                  1016   840.670276   860.523549
                                       count         mean          std
ASSU_RESCISAO_DO_CONTRATO_DE_TRABALHO                                 
0.0                                    46948   953.574018  1085.563296
1.0                                     7706  1528.738386  1570.673834
2.0                                     8672  2804.319880  1352.379855
3.0                                      260   703.869231   827.398298
4.0                                      365   839.128767   897.490642
5.0                                      200  1028.675000  1053.649832
6.0                                      982   981.345214   928.756305
                             count         mean          std
ASSU__PARTES_E_PROCURADORES                                 
0.0                          61675  1298.416555  1364.378814
1.0                           2608   575.506902   581.865355
2.0                            850  1112.769412   830.884725
                                          count         mean          std
ASSU_LIQUIDACAO___CUMPRIMENTO___EXECUCAO                                 
0.0                                       45181  1436.357141  1446.583383
1.0                                       13155   737.583428   920.178917
2.0                                        5737  1116.715531  1003.625242
3.0                                         207   586.082126   726.713381
4.0                                         853  1640.960141   912.167250
## Distribution "Movimentos"
                   count         mean          std
MOV_DEVOLUCAO_105                                 
0                  50113  1205.767565  1357.554253
1                   7421  1162.513004  1118.450341
2                   3124  1508.095070  1297.652945
3                   1609  1739.747048  1371.037388
4                    768  1891.010417  1374.320224
5                    497  2038.619718  1374.594054
6                    395  2061.491139  1335.928304
7                    189  2218.910053  1305.132445
8                    161  2182.254658  1305.030260
9                    151  2010.874172  1225.643838
10                   705  2284.110638  1195.942370
                           count         mean          std
MOV_DECURSO_DE_PRAZO_1051                                 
0                          30856  1773.254083  1482.446138
1                           8099   949.194345  1307.787256
2                           5707   814.704749  1154.003804
3                           3795   822.808432  1056.174842
4                           3247   708.144133   867.231975
5                           2250   690.652889   789.673279
6                           1986   643.830312   677.094121
7                           1503   805.959415   785.528556
8                           1363   712.140866   679.585615
9                            963   716.445483   646.876813
10                           957   687.406479   565.559917
11                           633   795.131122   660.066951
12                           645   697.945736   561.573083
13                           440   843.111364   667.564426
14                           410   783.607317   575.849804
15                           295   760.769492   631.655110
16                           281   869.483986   653.166332
17                           219   843.767123   617.980208
18                           190   869.973684   599.659625
19                           153   857.915033   615.977710
20                           131   765.404580   458.526415
21                           111  1017.756757   678.792621
22                            99   976.808081   700.410764
23                            80   908.350000   516.049676
24                            67   910.000000   597.328193
25                           653   995.897397   666.070369
                                                    count         mean          std
MOV_DISPONIBILIZACAO_NO_DIARIO_DA_JUSTICA_ELETR...                                 
0                                                   33551  1717.094304  1479.063703
1                                                   10615   821.976354  1137.399551
2                                                    6376   793.388959  1033.131901
3                                                    3845   773.498049   946.514914
4                                                    2786   735.180187   866.396149
5                                                    1939   745.208871   809.307273
6                                                    1469   690.609939   689.981453
7                                                    1059   751.775260   749.260355
8                                                     847   786.197166   759.140138
9                                                     665   755.084211   640.217710
10                                                    463   760.347732   590.261053
11                                                    316   791.765823   593.603809
12                                                    251   881.039841   688.143838
13                                                    200   825.820000   654.787700
14                                                    751   929.383489   599.381356
                    count         mean          std
MOV_DESPACHO_11009                                 
0                   29112  1761.018858  1486.219253
1                    8640   638.645139  1048.893760
2                    6971   615.691149   891.481782
3                    5134   663.917608   851.504621
4                    3654   805.370005   914.701110
5                    2675   874.860187   902.796675
6                    1953  1021.651818   993.497770
7                    1476  1094.386856   977.957605
8                    1118  1234.506261  1060.884930
9                     877  1434.087799  1167.309868
10                    699  1481.004292  1163.501658
11                    539  1499.576994  1148.748967
12                    416  1806.437500  1199.453320
13                    304  1739.148026  1215.386842
14                    268  1757.589552  1187.306972
15                    224  1846.495536  1182.984506
16                    175  2086.331429  1300.744563
17                    144  2147.437500  1249.175234
18                    754  2423.339523  1295.214780
                           count         mean          std
MOV_ATO_ORDINATORIO_11383                                 
0                          58170  1325.616383  1388.653060
1                           2318   784.879206   800.701052
2                           1434   738.811018   598.396669
3                           1143   705.010499   653.385414
4                            822   666.636253   601.472254
5                            454   715.013216   539.076297
6                            792  1083.698232   840.300937
                               count         mean          std
MOV_LIQUIDACAO_INICIADA_11384                                 
0                              47463  1560.937088  1431.372794
1                              17670   477.637804   545.231827
                             count         mean          std
MOV_EXECUCAO_INICIADA_11385                                 
0                            18027  1148.057247  1373.114331
1                            45167  1258.091416  1304.253618
2                             1939  2581.936050  1280.109139
                     count         mean          std
MOV_RECEBIMENTO_115                                 
0                    49958  1264.500400  1394.984178
1                     8019  1089.402918  1066.724513
2                     3311  1271.738750  1148.087549
3                     1520  1484.315789  1232.448444
4                      825  1606.082424  1248.425178
5                      482  1716.425311  1260.878387
6                      286  1836.800699  1256.024999
7                      732  2013.984973  1214.628261
                              count         mean          std
MOV_PROTOCOLO_DE_PETICAO_118                                 
0                             52176   916.149762  1133.316089
1                              2198  2419.611920  1234.393493
2                              1812  2607.243929  1213.495676
3                              1570  2657.870701  1188.593229
4                              1276  2706.210815  1177.153930
5                              1184  2697.553209  1150.823229
6                               817  2830.554468  1187.487771
7                               673  2764.900446  1187.842041
8                               525  2812.902857  1154.023261
9                               430  2826.872093  1145.856455
10                              376  2903.300532  1178.701730
11                              276  2829.347826  1123.963682
12                              256  2765.761719  1167.028777
13                              221  2846.828054  1149.874296
14                              174  2911.913793  1117.711622
15                              149  2731.536913  1220.424038
16                              105  2705.952381  1143.391853
17                              117  2604.435897  1078.722300
18                              108  2705.731481  1154.903642
19                              690  2888.317391  1035.755402
                 count         mean          std
MOV_REMESSA_123                                 
0                50771  1065.550294  1252.104976
1                 7744  1452.056431  1284.574956
2                 2642  1963.518547  1312.928910
3                  947  2667.628300  1220.457960
4                  807  2724.633209  1194.133133
5                  513  3151.210526  1014.967408
6                  438  3135.671233  1015.048268
7                  311  3226.913183   943.156551
8                  221  3302.484163   926.304111
9                  739  3446.258457   846.524721
                     count         mean          std
MOV_RECEBIMENTO_132                                 
0                    41744   784.443058  1048.153802
1                     7824  1364.362347  1238.878102
2                     3980  1876.630653  1319.853295
3                     2293  2309.858264  1265.545927
4                     2008  2481.468127  1233.007765
5                     1626  2705.951415  1177.836429
6                     1329  2883.125658  1159.403629
7                     1000  2877.869000  1126.516324
8                      808  2933.030941  1109.701804
9                      598  3066.789298  1071.787989
10                     483  3171.329193  1029.145394
11                     332  3147.915663   964.387550
12                     261  3252.360153  1002.482688
13                     193  3059.575130  1064.796369
14                     654  3101.374618  1022.398800
                     count         mean          std
MOV_APENSAMENTO_135                                 
0                    60247  1182.971384  1310.488308
1                     3599  2011.066129  1287.013837
2                     1287  3122.232323  1017.825490
                    count         mean          std
MOV_JULGAMENTO_193                                 
0                   21944  1021.217554  1252.752446
1                   32677  1370.410962  1384.486412
2                    7836  1505.955972  1384.684880
3                    1836  1375.009804  1167.660176
4                     840  1203.465476  1014.021002
                     count         mean          std
MOV_DISTRIBUICAO_26                                 
0                    11600  1120.166724  1251.920872
1                    53533  1298.875142  1360.744455
               count         mean          std
MOV_DECISAO_3                                 
0              35706  1413.886630  1465.487955
1              17990   981.064758  1129.471366
2               6066  1192.336136  1151.890608
3               2677  1298.686589  1189.114189
4               1310  1309.742748  1174.105666
5                575  1393.139130  1152.875661
6                809  1442.414091  1249.467969
                       count         mean          std
MOV_REDISTRIBUICAO_36                                 
0                      61088  1302.888914  1360.047779
1                       4045   725.769839   909.729257
                                count         mean          std
MOV_ENTREGA_EM_CARGA_VISTA_493                                 
0                               51946   916.906923  1132.410176
1                                3109  2345.701512  1335.095062
2                                2429  2329.943598  1231.883313
3                                1791  2465.305416  1188.220019
4                                1403  2691.136137  1121.821988
5                                1152  2864.628472  1088.875628
6                                 822  3009.324818  1056.323009
7                                 612  3117.629085   993.275499
8                                 494  3161.220648   950.275396
9                                 382  3207.670157   921.688779
10                                276  3288.865942   874.968002
11                                717  3315.647141   905.803435
                  count         mean          std
MOV_CONCLUSAO_51                                 
0                 12297  2278.642189  1443.916001
1                  8282  1220.966071  1482.446081
2                  8337   837.118748  1222.184773
3                  7110   776.551055  1079.527595
4                  5645   859.717449  1074.803378
5                  4312   907.169527  1048.680352
6                  3437   949.857434  1051.644242
7                  2774  1058.642394  1088.759703
8                  2251  1116.558418  1084.762205
9                  1846  1140.499458  1083.394065
10                 1440  1207.565972  1118.243391
11                 1298  1232.063945  1105.232152
12                  997  1277.000000  1136.040182
13                  837  1332.982079  1119.104442
14                  716  1341.310056  1138.025602
15                  581  1469.647160  1173.805775
16                  451  1429.341463  1144.797922
17                  411  1372.647202  1119.881792
18                  296  1606.689189  1197.249681
19                  274  1529.500000  1201.475156
20                  236  1594.618644  1237.574126
21                  181  1561.745856  1090.729150
22                  136  1741.360294  1147.566467
23                  130  1695.123077  1252.187017
24                  107  1611.588785  1171.451341
25                   85  1600.564706  1113.039622
26                  666  1861.135135  1196.204440
                               count         mean          std
MOV_EXPEDICAO_DE_DOCUMENTO_60                                 
0                              24232  1213.627682  1446.126364
1                               9872  1035.630267  1233.700393
2                               7176  1055.365106  1206.679985
3                               4871  1217.745432  1242.277986
4                               4030  1206.205459  1222.361364
5                               2577  1437.022507  1291.254510
6                               2276  1362.913445  1226.755948
7                               1650  1616.723030  1262.338802
8                               1383  1477.002169  1222.207116
9                               1019  1669.699706  1316.809047
10                               890  1584.992135  1306.234237
11                               665  1729.258647  1330.940611
12                               609  1704.530378  1331.470429
13                               432  1769.113426  1253.417910
14                               422  1639.199052  1242.330017
15                               282  2033.570922  1380.514705
16                               313  1742.418530  1245.494511
17                               223  2025.443946  1377.359268
18                               212  1802.660377  1200.417399
19                               180  1975.033333  1185.171425
20                               162  1644.104938  1184.884881
21                               119  1999.495798  1307.633526
22                               140  2041.428571  1272.487041
23                               119  2199.647059  1133.827712
24                               119  1851.873950  1228.384095
25                                86  2204.232558  1272.455696
26                                85  1958.282353  1319.865745
27                                61  2143.852459  1200.820453
28                                73  2145.205479  1227.697947
29                                69  2117.492754  1217.494385
30                                36  2057.611111  1188.874793
31                                39  2089.871795  1156.145369
32                                36  2234.388889  1155.248898
33                               675  2445.651852  1115.799988
                count         mean          std
MOV_JUNTADA_67                                 
0               37569  1112.191115  1315.810882
1                7278  1422.330998  1421.685834
2                4657  1453.044020  1401.588728
3                3342  1511.687612  1404.845278
4                2416  1541.518626  1400.420197
5                1844  1390.630152  1301.255145
6                1410  1471.504255  1314.099509
7                1187  1293.578770  1213.007880
8                 895  1380.053631  1226.289718
9                 710  1373.778873  1198.075278
10                594  1473.427609  1197.163982
11                516  1471.715116  1188.933249
12                398  1637.741206  1269.105389
13                298  1631.583893  1201.079784
14                307  1605.550489  1205.914108
15                234  1639.846154  1201.671280
16                190  1499.931579   973.066821
17                152  1826.453947  1224.345311
18                163  1789.920245  1126.444636
19                129  1834.705426  1001.537485
20                117  1883.854701   998.724482
21                727  2065.889959  1078.870059
                             count         mean          std
MOV_TRANSITO_EM_JULGADO_848                                 
0                            60474  1232.519893  1335.515876
1                             4659  1715.219790  1369.575659
                         count         mean          std
MOV_DESARQUIVAMENTO_893                                 
0                        58044  1081.378385  1227.513349
1                         5403  2631.320563  1318.343797
2                         1686  3287.108541  1039.367510
                   count         mean          std
MOV_PUBLICACAO_92                                 
0                  28043  1764.957209  1539.422960
1                  11661   924.349198  1190.629077
2                   7556   843.277925  1037.028751
3                   4464   882.318324   999.283582
4                   3592   849.071548   931.636296
5                   2331   881.728014   887.026168
6                   1935   823.679587   795.094966
7                   1270   895.570079   844.397091
8                   1109   888.396754   795.369868
9                    805   934.401242   836.474501
10                   580   915.012069   744.553816
11                   378   983.097884   807.885992
12                   325  1034.686154   831.002292
13                   226   989.539823   766.441707
14                   167  1038.155689   891.405172
15                   691  1061.096961   713.936063
                   count         mean          std
MOV_AUDIENCIA_970                                 
0                  60075  1275.752409  1360.038560
1                    749  2154.053405  1288.151604
2                   2775   897.705225   940.893628
3                    243  1328.851852  1131.791425
4                   1291  1129.637490  1071.500881
                     count         mean          std
MOV_RECEBIMENTO_981                                 
0                    56156  1027.084069  1210.477328
1                     8977  2768.150162  1149.571283
                 count         mean          std
MOV_REMESSA_982                                 
0                60488  1182.637647  1326.996230
1                 4645  2366.249946  1042.682339
## Distribution of position of key movement
Key mov distribution
                              count         mean          std
CASE:LAWSUIT:PERCENT_KEY_MOV                                 
0.6                            1992   972.839357  1279.940265
0.7                            2790   673.345878  1081.316101
0.8                            4948  1336.314066  1398.133639
0.9                            9844  1547.530475  1414.782205
1.0                           45559  1248.142277  1322.985035