       Adjusted Rand Score (ARI): 0.9693204667151928

df_distrib: 

       P1V2  P1V4  P1V5  P1V6  P1V7  P1V8
index                                    
0         1     0     0     0     0     0
1         1     0     0     0     0     0
2         1     0     0     0     0     0
3         1     0     0     0     0     0
4         0     0     1     0     0     0
5         0     0     1     0     0     0
6         0     0     1     0     0     0
7         0     0     1     0     0     0
8         0     0     1     0     0     0
9         0     0     1     0     0     0
10        0     0     1     0     0     0
11        1     0     0     0     0     0
12        1     0     0     0     0     0
13        0     0     1     0     0     0
14        1     0     0     0     0     0
15        1     0     0     0     0     0
16        1     0     0     0     0     0
17        1     0     0     0     0     0
18        1     0     0     0     0     0
19        1     0     0     0     0     0
20        0     0     0     0     0     1
21        0     0     0     0     0     1
22        0     0     0     0     0     1
23        0     0     0     0     0     1
24        0     0     0     0     0     1
25        0     0     0     0     0     1
26        0     0     0     0     0     1
27        0     0     0     0     0     1
28        0     0     0     0     0     1
29        0     0     0     0     0     1
30        0     0     0     0     0     1
31        0     0     0     0     0     1
32        0     1     0     0     0     0
33        0     0     0     1     0     0
34        0     1     0     0     0     0
35        0     1     0     0     0     0
36        0     0     0     1     0     0
37        0     1     0     0     0     0
38        0     0     0     0     1     0
39        0     0     0     0     1     0
40        0     0     0     0     1     0
41        0     0     0     0     1     0
42        0     0     0     0     1     0
43        0     0     0     0     1     0

dict_var: 

{0: ['ABCDE'],
 1: ['ABCDEF'],
 2: ['ABCED'],
 3: ['ABCEDF'],
 4: ['ABD'],
 5: ['ABDBD'],
 6: ['ABDBDBD'],
 7: ['ABDBDBDBDBDF'],
 8: ['ABDBDBDBDF'],
 9: ['ABDBDBDF'],
 10: ['ABDBDF'],
 11: ['ABDCE'],
 12: ['ABDCEF'],
 13: ['ABDF'],
 14: ['ACBDE'],
 15: ['ACBDEF'],
 16: ['ACBED'],
 17: ['ACBEDF'],
 18: ['ACEBD'],
 19: ['ACEBDF'],
 20: ['ADCEB'],
 21: ['ADCEBF'],
 22: ['ADEBC'],
 23: ['ADEBCF'],
 24: ['ADECB'],
 25: ['ADECBF'],
 26: ['AEBDC'],
 27: ['AEBDCF'],
 28: ['AEDBC'],
 29: ['AEDBCF'],
 30: ['AEDCB'],
 31: ['AEDCBF'],
 32: ['AZB'],
 33: ['AZBEF'],
 34: ['AZBF'],
 35: ['AZC'],
 36: ['AZCDF'],
 37: ['AZCF'],
 38: ['CABE'],
 39: ['CABED'],
 40: ['CAEB'],
 41: ['CAEBD'],
 42: ['CBAE'],
 43: ['CBAED']}

dend: 

[([5], [6], 1.0), ([10], [9], 1.0), ([10, 9], [8], 0.9999), ([10, 9, 8], [7], 0.9999), ([12], [11], 0.8167), ([17], [16], 0.8167), ([0], [1], 0.8167), ([15], [14], 0.8167), ([2], [3], 0.8167), ([18], [19], 0.8167), ([26], [27], 0.8167), ([21], [20], 0.8167), ([25], [24], 0.8167), ([30], [31], 0.8167), ([28], [29], 0.8167), ([22], [23], 0.8167), ([34], [33], 0.775), ([37], [36], 0.775), ([42], [43], 0.775), ([40], [41], 0.775), ([38], [39], 0.775), ([4], [13], 0.7083), ([10, 9, 8, 7], [5, 6], 0.7083), ([21, 20], [25, 24], 0.5976), ([21, 20, 25, 24], [22, 23], 0.5877), ([17, 16], [15, 14], 0.5875), ([17, 16, 15, 14], [18, 19], 0.5868), ([26, 27], [28, 29], 0.5775), ([12, 11], [0, 1], 0.5772), ([12, 11, 0, 1], [2, 3], 0.5742), ([12, 11, 0, 1, 2, 3], [17, 16, 15, 14, 18, 19], 0.5813), ([26, 27, 28, 29], [30, 31], 0.5736), ([26, 27, 28, 29, 30, 31], [21, 20, 25, 24, 22, 23], 0.5842), ([32], [34, 33], 0.5244), ([35], [37, 36], 0.5172), ([42, 43], [38, 39], 0.4939), ([42, 43, 38, 39], [40, 41], 0.4913), ([4, 13], [10, 9, 8, 7, 5, 6], 0.4876), ([12, 11, 0, 1, 2, 3, 17, 16, 15, 14, 18, 19], [26, 27, 28, 29, 30, 31, 21, 20, 25, 24, 22, 23], 0.4252), ([12, 11, 0, 1, 2, 3, 17, 16, 15, 14, 18, 19, 26, 27, 28, 29, 30, 31, 21, 20, 25, 24, 22, 23], [42, 43, 38, 39, 40, 41], 0.3322), ([12, 11, 0, 1, 2, 3, 17, 16, 15, 14, 18, 19, 26, 27, 28, 29, 30, 31, 21, 20, 25, 24, 22, 23, 42, 43, 38, 39, 40, 41], [4, 13, 10, 9, 8, 7, 5, 6], 0.2587), ([35, 37, 36], [32, 34, 33], 0.2481), ([12, 11, 0, 1, 2, 3, 17, 16, 15, 14, 18, 19, 26, 27, 28, 29, 30, 31, 21, 20, 25, 24, 22, 23, 42, 43, 38, 39, 40, 41, 4, 13, 10, 9, 8, 7, 5, 6], [35, 37, 36, 32, 34, 33], 0.2591)]

