best_fit: -0.2508827410212766

best_ARI: 0.5650743177530002

best_complex: 34.05957446808511

best_n_clusters: 44

best_df_distrib_1step:        P1  P2  P3
index            
0       2   0   0
1       0   0   9
2       1  30   5
3       1   0   0
4       1   0   0
5       0   0  17
6       0   0   1
7       0   0   1
8       5   0   0
9       1   0   0
10      2   0   0
11      0   0   3
12      1   0   0
13      1   0   0
14      2   0   0
15      1   0   0
16      7   0   0
17      0   0   1
18      1   0   0
19      0   0  13
20      0   0   8
21      4   0   0
22      2   1   0
23      4   0   0
24      1   0   0
25      0   0   1
26      7   0   0
27      4   0   0
28      3   0   0
29      1   0   0
30      1   0   0
31      1   0   0
32      0   0   3
33      1   0   0
34      3   5   0
35      0   0   5
36      0   0   1
37      1   0   0
38      0   0   7
39      0   0   2
40      1   0   0
41      1   0   0
42      2   0   0
43      2   0   0

best_ngram_1step: 2

best_min_percent_1step: 0.2

best_max_percent_1step: 0.8

best_df_distrib_2step:    P1  P2  P3
0  61   6   0
1   1  30  73
2   3   0   4

